Vuosi;Kuukausi;Päivä;Kellonaika;Ilmanlämpötila(degC)
2018;1;1;00:00;-1
2018;1;1;02:00;-1
2018;1;1;04:00;-1
2018;1;1;06:00;-2
2018;1;1;08:00;-1
2018;1;1;10:00;-1
2018;1;1;12:00;-1
2018;1;1;14:00;-1
2018;1;1;16:00;0
2018;1;1;18:00;0
2018;1;1;20:00;0
2018;1;1;22:00;0
2018;1;2;00:00;1
2018;1;2;02:00;3
2018;1;2;04:00;3
2018;1;2;06:00;3
2018;1;2;08:00;2
2018;1;2;10:00;3
2018;1;2;12:00;2
2018;1;2;14:00;2
2018;1;2;16:00;2
2018;1;2;18:00;2
2018;1;2;20:00;3
2018;1;2;22:00;3
2018;1;3;00:00;2
2018;1;3;02:00;2
2018;1;3;04:00;2
2018;1;3;06:00;1
2018;1;3;08:00;1
2018;1;3;10:00;1
2018;1;3;12:00;0
2018;1;3;14:00;0
2018;1;3;16:00;0
2018;1;3;18:00;0
2018;1;3;20:00;0
2018;1;3;22:00;0
2018;1;4;00:00;0
2018;1;4;02:00;0
2018;1;4;04:00;0
2018;1;4;06:00;0
2018;1;4;08:00;0
2018;1;4;10:00;0
2018;1;4;12:00;0
2018;1;4;14:00;0
2018;1;4;16:00;0
2018;1;4;18:00;1
2018;1;4;20:00;1
2018;1;4;22:00;1
2018;1;5;00:00;1
2018;1;5;02:00;1
2018;1;5;04:00;2
2018;1;5;06:00;2
2018;1;5;08:00;2
2018;1;5;10:00;3
2018;1;5;12:00;3
2018;1;5;14:00;2
2018;1;5;16:00;3
2018;1;5;18:00;2
2018;1;5;20:00;2
2018;1;5;22:00;1
2018;1;6;00:00;1
2018;1;6;02:00;0
2018;1;6;04:00;0
2018;1;6;06:00;0
2018;1;6;08:00;0
2018;1;6;10:00;0
2018;1;6;12:00;1
2018;1;6;14:00;1
2018;1;6;16:00;1
2018;1;6;18:00;1
2018;1;6;20:00;1
2018;1;6;22:00;-1
2018;1;7;00:00;-2
2018;1;7;02:00;-3
2018;1;7;04:00;-4
2018;1;7;06:00;-6
2018;1;7;08:00;-6
2018;1;7;10:00;-5
2018;1;7;12:00;-4
2018;1;7;14:00;-4
2018;1;7;16:00;-4
2018;1;7;18:00;-3
2018;1;7;20:00;-3
2018;1;7;22:00;-2
2018;1;8;00:00;-2
2018;1;8;02:00;-2
2018;1;8;04:00;-2
2018;1;8;06:00;-3
2018;1;8;08:00;-4
2018;1;8;10:00;-3
2018;1;8;12:00;-3
2018;1;8;14:00;-5
2018;1;8;16:00;-6
2018;1;8;18:00;-6
2018;1;8;20:00;-8
2018;1;8;22:00;-8
2018;1;9;00:00;-7
2018;1;9;02:00;-6
2018;1;9;04:00;-4
2018;1;9;06:00;-3
2018;1;9;08:00;-2
2018;1;9;10:00;-2
2018;1;9;12:00;-1
2018;1;9;14:00;-1
2018;1;9;16:00;0
2018;1;9;18:00;0
2018;1;9;20:00;0
2018;1;9;22:00;0
2018;1;10;00:00;-1
2018;1;10;02:00;-1
2018;1;10;04:00;-2
2018;1;10;06:00;-2
2018;1;10;08:00;-3
2018;1;10;10:00;-3
2018;1;10;12:00;-3
2018;1;10;14:00;-3
2018;1;10;16:00;-3
2018;1;10;18:00;-3
2018;1;10;20:00;-3
2018;1;10;22:00;-3
2018;1;11;00:00;-3
2018;1;11;02:00;-3
2018;1;11;04:00;-3
2018;1;11;06:00;-4
2018;1;11;08:00;-4
2018;1;11;10:00;-4
2018;1;11;12:00;-5
2018;1;11;14:00;-5
2018;1;11;16:00;-5
2018;1;11;18:00;-6
2018;1;11;20:00;-7
2018;1;11;22:00;-7
2018;1;12;00:00;-8
2018;1;12;02:00;-8
2018;1;12;04:00;-9
2018;1;12;06:00;-9
2018;1;12;08:00;-9
2018;1;12;10:00;-8
2018;1;12;12:00;-7
2018;1;12;14:00;-7
2018;1;12;16:00;-7
2018;1;12;18:00;-7
2018;1;12;20:00;-7
2018;1;12;22:00;-6
2018;1;13;00:00;-6
2018;1;13;02:00;-6
2018;1;13;04:00;-6
2018;1;13;06:00;-7
2018;1;13;08:00;-7
2018;1;13;10:00;-6
2018;1;13;12:00;-6
2018;1;13;14:00;-6
2018;1;13;16:00;-6
2018;1;13;18:00;-5
2018;1;13;20:00;-5
2018;1;13;22:00;-5
2018;1;14;00:00;-5
2018;1;14;02:00;-5
2018;1;14;04:00;-4
2018;1;14;06:00;-5
2018;1;14;08:00;-4
2018;1;14;10:00;-4
2018;1;14;12:00;-5
2018;1;14;14:00;-4
2018;1;14;16:00;-4
2018;1;14;18:00;-4
2018;1;14;20:00;-4
2018;1;14;22:00;-5
2018;1;15;00:00;-6
2018;1;15;02:00;-6
2018;1;15;04:00;-7
2018;1;15;06:00;-7
2018;1;15;08:00;-7
2018;1;15;10:00;-8
2018;1;15;12:00;-8
2018;1;15;14:00;-9
2018;1;15;16:00;-9
2018;1;15;18:00;-10
2018;1;15;20:00;-10
2018;1;15;22:00;-10
2018;1;16;00:00;-10
2018;1;16;02:00;-10
2018;1;16;04:00;-10
2018;1;16;06:00;-11
2018;1;16;08:00;-11
2018;1;16;10:00;-10
2018;1;16;12:00;-9
2018;1;16;14:00;-11
2018;1;16;16:00;-11
2018;1;16;18:00;-12
2018;1;16;20:00;-12
2018;1;16;22:00;-12
2018;1;17;00:00;-12
2018;1;17;02:00;-11
2018;1;17;04:00;-10
2018;1;17;06:00;-10
2018;1;17;08:00;-10
2018;1;17;10:00;-9
2018;1;17;12:00;-9
2018;1;17;14:00;-8
2018;1;17;16:00;-8
2018;1;17;18:00;-8
2018;1;17;20:00;-7
2018;1;17;22:00;-7
2018;1;18;00:00;-7
2018;1;18;02:00;-6
2018;1;18;04:00;-6
2018;1;18;06:00;-7
2018;1;18;08:00;-7
2018;1;18;10:00;-7
2018;1;18;12:00;-7
2018;1;18;14:00;-8
2018;1;18;16:00;-8
2018;1;18;18:00;-8
2018;1;18;20:00;-8
2018;1;18;22:00;-8
2018;1;19;00:00;-8
2018;1;19;02:00;-7
2018;1;19;04:00;-6
2018;1;19;06:00;-4
2018;1;19;08:00;-4
2018;1;19;10:00;-3
2018;1;19;12:00;-3
2018;1;19;14:00;-3
2018;1;19;16:00;-3
2018;1;19;18:00;-3
2018;1;19;20:00;-3
2018;1;19;22:00;-3
2018;1;20;00:00;-3
2018;1;20;02:00;-4
2018;1;20;04:00;-5
2018;1;20;06:00;-5
2018;1;20;08:00;-6
2018;1;20;10:00;-5
2018;1;20;12:00;-5
2018;1;20;14:00;-5
2018;1;20;16:00;-6
2018;1;20;18:00;-9
2018;1;20;20:00;-12
2018;1;20;22:00;-10
2018;1;21;00:00;-12
2018;1;21;02:00;-11
2018;1;21;04:00;-11
2018;1;21;06:00;-10
2018;1;21;08:00;-10
2018;1;21;10:00;-10
2018;1;21;12:00;-10
2018;1;21;14:00;-10
2018;1;21;16:00;-10
2018;1;21;18:00;-11
2018;1;21;20:00;-11
2018;1;21;22:00;-12
2018;1;22;00:00;-13
2018;1;22;02:00;-14
2018;1;22;04:00;-17
2018;1;22;06:00;-16
2018;1;22;08:00;-17
2018;1;22;10:00;-16
2018;1;22;12:00;-16
2018;1;22;14:00;-16
2018;1;22;16:00;-17
2018;1;22;18:00;-18
2018;1;22;20:00;-19
2018;1;22;22:00;-19
2018;1;23;00:00;-19
2018;1;23;02:00;-20
2018;1;23;04:00;-21
2018;1;23;06:00;-21
2018;1;23;08:00;-19
2018;1;23;10:00;-18
2018;1;23;12:00;-16
2018;1;23;14:00;-17
2018;1;23;16:00;-17
2018;1;23;18:00;-15
2018;1;23;20:00;-10
2018;1;23;22:00;-8
2018;1;24;00:00;-6
2018;1;24;02:00;-4
2018;1;24;04:00;-4
2018;1;24;06:00;-5
2018;1;24;08:00;-7
2018;1;24;10:00;-7
2018;1;24;12:00;-7
2018;1;24;14:00;-6
2018;1;24;16:00;-4
2018;1;24;18:00;-5
2018;1;24;20:00;-3
2018;1;24;22:00;-2
2018;1;25;00:00;-1
2018;1;25;02:00;0
2018;1;25;04:00;0
2018;1;25;06:00;0
2018;1;25;08:00;1
2018;1;25;10:00;2
2018;1;25;12:00;3
2018;1;25;14:00;3
2018;1;25;16:00;3
2018;1;25;18:00;3
2018;1;25;20:00;3
2018;1;25;22:00;3
2018;1;26;00:00;3
2018;1;26;02:00;3
2018;1;26;04:00;3
2018;1;26;06:00;3
2018;1;26;08:00;3
2018;1;26;10:00;3
2018;1;26;12:00;2
2018;1;26;14:00;2
2018;1;26;16:00;2
2018;1;26;18:00;2
2018;1;26;20:00;2
2018;1;26;22:00;2
2018;1;27;00:00;2
2018;1;27;02:00;2
2018;1;27;04:00;1
2018;1;27;06:00;1
2018;1;27;08:00;1
2018;1;27;10:00;1
2018;1;27;12:00;1
2018;1;27;14:00;1
2018;1;27;16:00;1
2018;1;27;18:00;0
2018;1;27;20:00;0
2018;1;27;22:00;0
2018;1;28;00:00;0
2018;1;28;02:00;0
2018;1;28;04:00;0
2018;1;28;06:00;0
2018;1;28;08:00;-1
2018;1;28;10:00;-1
2018;1;28;12:00;-1
2018;1;28;14:00;-1
2018;1;28;16:00;-1
2018;1;28;18:00;-1
2018;1;28;20:00;-1
2018;1;28;22:00;-1
2018;1;29;00:00;-1
2018;1;29;02:00;-1
2018;1;29;04:00;-1
2018;1;29;06:00;-1
2018;1;29;08:00;-1
2018;1;29;10:00;-1
2018;1;29;12:00;-1
2018;1;29;14:00;-2
2018;1;29;16:00;-2
2018;1;29;18:00;-2
2018;1;29;20:00;-3
2018;1;29;22:00;-4
2018;1;30;00:00;-4
2018;1;30;02:00;-5
2018;1;30;04:00;-5
2018;1;30;06:00;-5
2018;1;30;08:00;-6
2018;1;30;10:00;-6
2018;1;30;12:00;-7
2018;1;30;14:00;-7
2018;1;30;16:00;-8
2018;1;30;18:00;-9
2018;1;30;20:00;-8
2018;1;30;22:00;-8
2018;1;31;00:00;-7
2018;1;31;02:00;-7
2018;1;31;04:00;-8
2018;1;31;06:00;-11
2018;1;31;08:00;-9
2018;1;31;10:00;-8
2018;1;31;12:00;-7
2018;1;31;14:00;-9
2018;1;31;16:00;-12
2018;1;31;18:00;-13
2018;1;31;20:00;-15
2018;1;31;22:00;-12
2018;2;1;00:00;-12
2018;2;1;02:00;-13
2018;2;1;04:00;-12
2018;2;1;06:00;-12
2018;2;1;08:00;-10
2018;2;1;10:00;-9
2018;2;1;12:00;-8
2018;2;1;14:00;-8
2018;2;1;16:00;-7
2018;2;1;18:00;-7
2018;2;1;20:00;-7
2018;2;1;22:00;-6
2018;2;2;00:00;-6
2018;2;2;02:00;-6
2018;2;2;04:00;-6
2018;2;2;06:00;-6
2018;2;2;08:00;-7
2018;2;2;10:00;-7
2018;2;2;12:00;-6
2018;2;2;14:00;-6
2018;2;2;16:00;-5
2018;2;2;18:00;-5
2018;2;2;20:00;-6
2018;2;2;22:00;-7
2018;2;3;00:00;-8
2018;2;3;02:00;-9
2018;2;3;04:00;-10
2018;2;3;06:00;-11
2018;2;3;08:00;-13
2018;2;3;10:00;-13
2018;2;3;12:00;-12
2018;2;3;14:00;-12
2018;2;3;16:00;-13
2018;2;3;18:00;-12
2018;2;3;20:00;-10
2018;2;3;22:00;-11
2018;2;4;00:00;-11
2018;2;4;02:00;-10
2018;2;4;04:00;-12
2018;2;4;06:00;-14
2018;2;4;08:00;-13
2018;2;4;10:00;-12
2018;2;4;12:00;-11
2018;2;4;14:00;-11
2018;2;4;16:00;-11
2018;2;4;18:00;-12
2018;2;4;20:00;-12
2018;2;4;22:00;-12
2018;2;5;00:00;-11
2018;2;5;02:00;-11
2018;2;5;04:00;-10
2018;2;5;06:00;-10
2018;2;5;08:00;-10
2018;2;5;10:00;-9
2018;2;5;12:00;-8
2018;2;5;14:00;-8
2018;2;5;16:00;-9
2018;2;5;18:00;-10
2018;2;5;20:00;-10
2018;2;5;22:00;-10
2018;2;6;00:00;-10
2018;2;6;02:00;-10
2018;2;6;04:00;-9
2018;2;6;06:00;-10
2018;2;6;08:00;-10
2018;2;6;10:00;-10
2018;2;6;12:00;-9
2018;2;6;14:00;-9
2018;2;6;16:00;-9
2018;2;6;18:00;-10
2018;2;6;20:00;-11
2018;2;6;22:00;-11
2018;2;7;00:00;-11
2018;2;7;02:00;-11
2018;2;7;04:00;-11
2018;2;7;06:00;-11
2018;2;7;08:00;-12
2018;2;7;10:00;-11
2018;2;7;12:00;-10
2018;2;7;14:00;-10
2018;2;7;16:00;-10
2018;2;7;18:00;-10
2018;2;7;20:00;-9
2018;2;7;22:00;-10
2018;2;8;00:00;-9
2018;2;8;02:00;-7
2018;2;8;04:00;-7
2018;2;8;06:00;-6
2018;2;8;08:00;-5
2018;2;8;10:00;-2
2018;2;8;12:00;-3
2018;2;8;14:00;-4
2018;2;8;16:00;-5
2018;2;8;18:00;-6
2018;2;8;20:00;-8
2018;2;8;22:00;-9
2018;2;9;00:00;-9
2018;2;9;02:00;-8
2018;2;9;04:00;-8
2018;2;9;06:00;-8
2018;2;9;08:00;-8
2018;2;9;10:00;-7
2018;2;9;12:00;-7
2018;2;9;14:00;-7
2018;2;9;16:00;-7
2018;2;9;18:00;-7
2018;2;9;20:00;-7
2018;2;9;22:00;-7
2018;2;10;00:00;-8
2018;2;10;02:00;-8
2018;2;10;04:00;-9
2018;2;10;06:00;-8
2018;2;10;08:00;-8
2018;2;10;10:00;-7
2018;2;10;12:00;-6
2018;2;10;14:00;-6
2018;2;10;16:00;-6
2018;2;10;18:00;-6
2018;2;10;20:00;-6
2018;2;10;22:00;-6
2018;2;11;00:00;-6
2018;2;11;02:00;-6
2018;2;11;04:00;-6
2018;2;11;06:00;-7
2018;2;11;08:00;-6
2018;2;11;10:00;-6
2018;2;11;12:00;-5
2018;2;11;14:00;-5
2018;2;11;16:00;-5
2018;2;11;18:00;-5
2018;2;11;20:00;-5
2018;2;11;22:00;-4
2018;2;12;00:00;-5
2018;2;12;02:00;-4
2018;2;12;04:00;-4
2018;2;12;06:00;-4
2018;2;12;08:00;-4
2018;2;12;10:00;-4
2018;2;12;12:00;-4
2018;2;12;14:00;-3
2018;2;12;16:00;-3
2018;2;12;18:00;-3
2018;2;12;20:00;-3
2018;2;12;22:00;-3
2018;2;13;00:00;-3
2018;2;13;02:00;-3
2018;2;13;04:00;-3
2018;2;13;06:00;-2
2018;2;13;08:00;-1
2018;2;13;10:00;-1
2018;2;13;12:00;-1
2018;2;13;14:00;-1
2018;2;13;16:00;-1
2018;2;13;18:00;-1
2018;2;13;20:00;-1
2018;2;13;22:00;-2
2018;2;14;00:00;-2
2018;2;14;02:00;-2
2018;2;14;04:00;-2
2018;2;14;06:00;-2
2018;2;14;08:00;-2
2018;2;14;10:00;-2
2018;2;14;12:00;-1
2018;2;14;14:00;-1
2018;2;14;16:00;-2
2018;2;14;18:00;-3
2018;2;14;20:00;-4
2018;2;14;22:00;-3
2018;2;15;00:00;-4
2018;2;15;02:00;-4
2018;2;15;04:00;-5
2018;2;15;06:00;-7
2018;2;15;08:00;-7
2018;2;15;10:00;-6
2018;2;15;12:00;-5
2018;2;15;14:00;-6
2018;2;15;16:00;-9
2018;2;15;18:00;-10
2018;2;15;20:00;-10
2018;2;15;22:00;-10
2018;2;16;00:00;-10
2018;2;16;02:00;-9
2018;2;16;04:00;-9
2018;2;16;06:00;-10
2018;2;16;08:00;-9
2018;2;16;10:00;-7
2018;2;16;12:00;-7
2018;2;16;14:00;-6
2018;2;16;16:00;-7
2018;2;16;18:00;-7
2018;2;16;20:00;-7
2018;2;16;22:00;-7
2018;2;17;00:00;-7
2018;2;17;02:00;-8
2018;2;17;04:00;-8
2018;2;17;06:00;-9
2018;2;17;08:00;-8
2018;2;17;10:00;-7
2018;2;17;12:00;-6
2018;2;17;14:00;-7
2018;2;17;16:00;-8
2018;2;17;18:00;-10
2018;2;17;20:00;-11
2018;2;17;22:00;-12
2018;2;18;00:00;-13
2018;2;18;02:00;-14
2018;2;18;04:00;-14
2018;2;18;06:00;-14
2018;2;18;08:00;-13
2018;2;18;10:00;-11
2018;2;18;12:00;-10
2018;2;18;14:00;-10
2018;2;18;16:00;-9
2018;2;18;18:00;-9
2018;2;18;20:00;-9
2018;2;18;22:00;-9
2018;2;19;00:00;-10
2018;2;19;02:00;-10
2018;2;19;04:00;-10
2018;2;19;06:00;-10
2018;2;19;08:00;-12
2018;2;19;10:00;-11
2018;2;19;12:00;-10
2018;2;19;14:00;-10
2018;2;19;16:00;-11
2018;2;19;18:00;-11
2018;2;19;20:00;-12
2018;2;19;22:00;-13
2018;2;20;00:00;-14
2018;2;20;02:00;-15
2018;2;20;04:00;-15
2018;2;20;06:00;-16
2018;2;20;08:00;-15
2018;2;20;10:00;-13
2018;2;20;12:00;-10
2018;2;20;14:00;-9
2018;2;20;16:00;-11
2018;2;20;18:00;-12
2018;2;20;20:00;-16
2018;2;20;22:00;-16
2018;2;21;00:00;-17
2018;2;21;02:00;-18
2018;2;21;04:00;-18
2018;2;21;06:00;-19
2018;2;21;08:00;-18
2018;2;21;10:00;-14
2018;2;21;12:00;-13
2018;2;21;14:00;-12
2018;2;21;16:00;-16
2018;2;21;18:00;-15
2018;2;21;20:00;-17
2018;2;21;22:00;-16
2018;2;22;00:00;-17
2018;2;22;02:00;-18
2018;2;22;04:00;-18
2018;2;22;06:00;-17
2018;2;22;08:00;-15
2018;2;22;10:00;-12
2018;2;22;12:00;-8
2018;2;22;14:00;-8
2018;2;22;16:00;-11
2018;2;22;18:00;-12
2018;2;22;20:00;-12
2018;2;22;22:00;-12
2018;2;23;00:00;-12
2018;2;23;02:00;-14
2018;2;23;04:00;-14
2018;2;23;06:00;-16
2018;2;23;08:00;-14
2018;2;23;10:00;-13
2018;2;23;12:00;-12
2018;2;23;14:00;-11
2018;2;23;16:00;-13
2018;2;23;18:00;-14
2018;2;23;20:00;-15
2018;2;23;22:00;-16
2018;2;24;00:00;-17
2018;2;24;02:00;-18
2018;2;24;04:00;-19
2018;2;24;06:00;-20
2018;2;24;08:00;-18
2018;2;24;10:00;-16
2018;2;24;12:00;-15
2018;2;24;14:00;-14
2018;2;24;16:00;-15
2018;2;24;18:00;-16
2018;2;24;20:00;-16
2018;2;24;22:00;-17
2018;2;25;00:00;-15
2018;2;25;02:00;-14
2018;2;25;04:00;-13
2018;2;25;06:00;-13
2018;2;25;08:00;-11
2018;2;25;10:00;-9
2018;2;25;12:00;-7
2018;2;25;14:00;-7
2018;2;25;16:00;-7
2018;2;25;18:00;-9
2018;2;25;20:00;-8
2018;2;25;22:00;-10
2018;2;26;00:00;-13
2018;2;26;02:00;-11
2018;2;26;04:00;-11
2018;2;26;06:00;-10
2018;2;26;08:00;-14
2018;2;26;10:00;-14
2018;2;26;12:00;-14
2018;2;26;14:00;-14
2018;2;26;16:00;-15
2018;2;26;18:00;-16
2018;2;26;20:00;-18
2018;2;26;22:00;-19
2018;2;27;00:00;-20
2018;2;27;02:00;-21
2018;2;27;04:00;-23
2018;2;27;06:00;-23
2018;2;27;08:00;-22
2018;2;27;10:00;-20
2018;2;27;12:00;-18
2018;2;27;14:00;-17
2018;2;27;16:00;-18
2018;2;27;18:00;-19
2018;2;27;20:00;-20
2018;2;27;22:00;-21
2018;2;28;00:00;-22
2018;2;28;02:00;-23
2018;2;28;04:00;-23
2018;2;28;06:00;-23
2018;2;28;08:00;-21
2018;2;28;10:00;-18
2018;2;28;12:00;-16
2018;2;28;14:00;-15
2018;2;28;16:00;-16
2018;2;28;18:00;-17
2018;2;28;20:00;-20
2018;2;28;22:00;-21
2018;3;1;00:00;-21
2018;3;1;02:00;-21
2018;3;1;04:00;-22
2018;3;1;06:00;-22
2018;3;1;08:00;-17
2018;3;1;10:00;-13
2018;3;1;12:00;-10
2018;3;1;14:00;-9
2018;3;1;16:00;-14
2018;3;1;18:00;-16
2018;3;1;20:00;-19
2018;3;1;22:00;-19
2018;3;2;00:00;-21
2018;3;2;02:00;-21
2018;3;2;04:00;-23
2018;3;2;06:00;-23
2018;3;2;08:00;-18
2018;3;2;10:00;-10
2018;3;2;12:00;-8
2018;3;2;14:00;-8
2018;3;2;16:00;-12
2018;3;2;18:00;-11
2018;3;2;20:00;-13
2018;3;2;22:00;-16
2018;3;3;00:00;-17
2018;3;3;02:00;-18
2018;3;3;04:00;-20
2018;3;3;06:00;-18
2018;3;3;08:00;-14
2018;3;3;10:00;-10
2018;3;3;12:00;-8
2018;3;3;14:00;-8
2018;3;3;16:00;-9
2018;3;3;18:00;-13
2018;3;3;20:00;-15
2018;3;3;22:00;-16
2018;3;4;00:00;-18
2018;3;4;02:00;-18
2018;3;4;04:00;-19
2018;3;4;06:00;-19
2018;3;4;08:00;-15
2018;3;4;10:00;-11
2018;3;4;12:00;-8
2018;3;4;14:00;-7
2018;3;4;16:00;-8
2018;3;4;18:00;-9
2018;3;4;20:00;-9
2018;3;4;22:00;-9
2018;3;5;00:00;-10
2018;3;5;02:00;-11
2018;3;5;04:00;-13
2018;3;5;06:00;-14
2018;3;5;08:00;-12
2018;3;5;10:00;-9
2018;3;5;12:00;-7
2018;3;5;14:00;-7
2018;3;5;16:00;-8
2018;3;5;18:00;-10
2018;3;5;20:00;-11
2018;3;5;22:00;-12
2018;3;6;00:00;-11
2018;3;6;02:00;-11
2018;3;6;04:00;-13
2018;3;6;06:00;-13
2018;3;6;08:00;-12
2018;3;6;10:00;-9
2018;3;6;12:00;-7
2018;3;6;14:00;-8
2018;3;6;16:00;-10
2018;3;6;18:00;-11
2018;3;6;20:00;-12
2018;3;6;22:00;-12
2018;3;7;00:00;-12
2018;3;7;02:00;-12
2018;3;7;04:00;-13
2018;3;7;06:00;-13
2018;3;7;08:00;-11
2018;3;7;10:00;-8
2018;3;7;12:00;-7
2018;3;7;14:00;-7
2018;3;7;16:00;-9
2018;3;7;18:00;-10
2018;3;7;20:00;-10
2018;3;7;22:00;-10
2018;3;8;00:00;-9
2018;3;8;02:00;-9
2018;3;8;04:00;-10
2018;3;8;06:00;-10
2018;3;8;08:00;-8
2018;3;8;10:00;-5
2018;3;8;12:00;-3
2018;3;8;14:00;-4
2018;3;8;16:00;-6
2018;3;8;18:00;-6
2018;3;8;20:00;-4
2018;3;8;22:00;-4
2018;3;9;00:00;-4
2018;3;9;02:00;-4
2018;3;9;04:00;-6
2018;3;9;06:00;-6
2018;3;9;08:00;-5
2018;3;9;10:00;-3
2018;3;9;12:00;-3
2018;3;9;14:00;-2
2018;3;9;16:00;-2
2018;3;9;18:00;-2
2018;3;9;20:00;-2
2018;3;9;22:00;-2
2018;3;10;00:00;-2
2018;3;10;02:00;-2
2018;3;10;04:00;-3
2018;3;10;06:00;-3
2018;3;10;08:00;-2
2018;3;10;10:00;-2
2018;3;10;12:00;-1
2018;3;10;14:00;-1
2018;3;10;16:00;-2
2018;3;10;18:00;-3
2018;3;10;20:00;-3
2018;3;10;22:00;-3
2018;3;11;00:00;-3
2018;3;11;02:00;-2
2018;3;11;04:00;-2
2018;3;11;06:00;-2
2018;3;11;08:00;-1
2018;3;11;10:00;-1
2018;3;11;12:00;0
2018;3;11;14:00;0
2018;3;11;16:00;0
2018;3;11;18:00;0
2018;3;11;20:00;0
2018;3;11;22:00;-1
2018;3;12;00:00;-1
2018;3;12;02:00;-2
2018;3;12;04:00;-3
2018;3;12;06:00;-2
2018;3;12;08:00;-2
2018;3;12;10:00;0
2018;3;12;12:00;1
2018;3;12;14:00;1
2018;3;12;16:00;0
2018;3;12;18:00;-1
2018;3;12;20:00;-1
2018;3;12;22:00;0
2018;3;13;00:00;0
2018;3;13;02:00;0
2018;3;13;04:00;0
2018;3;13;06:00;0
2018;3;13;08:00;1
2018;3;13;10:00;1
2018;3;13;12:00;1
2018;3;13;14:00;1
2018;3;13;16:00;2
2018;3;13;18:00;2
2018;3;13;20:00;2
2018;3;13;22:00;2
2018;3;14;00:00;1
2018;3;14;02:00;0
2018;3;14;04:00;0
2018;3;14;06:00;-2
2018;3;14;08:00;-2
2018;3;14;10:00;-3
2018;3;14;12:00;-4
2018;3;14;14:00;-5
2018;3;14;16:00;-6
2018;3;14;18:00;-7
2018;3;14;20:00;-8
2018;3;14;22:00;-8
2018;3;15;00:00;-9
2018;3;15;02:00;-10
2018;3;15;04:00;-11
2018;3;15;06:00;-11
2018;3;15;08:00;-9
2018;3;15;10:00;-7
2018;3;15;12:00;-8
2018;3;15;14:00;-8
2018;3;15;16:00;-8
2018;3;15;18:00;-9
2018;3;15;20:00;-10
2018;3;15;22:00;-10
2018;3;16;00:00;-12
2018;3;16;02:00;-13
2018;3;16;04:00;-13
2018;3;16;06:00;-13
2018;3;16;08:00;-11
2018;3;16;10:00;-8
2018;3;16;12:00;-7
2018;3;16;14:00;-6
2018;3;16;16:00;-7
2018;3;16;18:00;-7
2018;3;16;20:00;-9
2018;3;16;22:00;-10
2018;3;17;00:00;-11
2018;3;17;02:00;-12
2018;3;17;04:00;-13
2018;3;17;06:00;-13
2018;3;17;08:00;-10
2018;3;17;10:00;-7
2018;3;17;12:00;-5
2018;3;17;14:00;-4
2018;3;17;16:00;-4
2018;3;17;18:00;-5
2018;3;17;20:00;-6
2018;3;17;22:00;-7
2018;3;18;00:00;-8
2018;3;18;02:00;-9
2018;3;18;04:00;-9
2018;3;18;06:00;-8
2018;3;18;08:00;-5
2018;3;18;10:00;-1
2018;3;18;12:00;0
2018;3;18;14:00;1
2018;3;18;16:00;0
2018;3;18;18:00;0
2018;3;18;20:00;-1
2018;3;18;22:00;-1
2018;3;19;00:00;-1
2018;3;19;02:00;-1
2018;3;19;04:00;-2
2018;3;19;06:00;-1
2018;3;19;08:00;1
2018;3;19;10:00;2
2018;3;19;12:00;0
2018;3;19;14:00;2
2018;3;19;16:00;0
2018;3;19;18:00;-2
2018;3;19;20:00;-3
2018;3;19;22:00;-4
2018;3;20;00:00;-7
2018;3;20;02:00;-7
2018;3;20;04:00;-9
2018;3;20;06:00;-7
2018;3;20;08:00;-5
2018;3;20;10:00;-3
2018;3;20;12:00;-5
2018;3;20;14:00;-7
2018;3;20;16:00;-8
2018;3;20;18:00;-9
2018;3;20;20:00;-9
2018;3;20;22:00;-10
2018;3;21;00:00;-12
2018;3;21;02:00;-16
2018;3;21;04:00;-17
2018;3;21;06:00;-15
2018;3;21;08:00;-9
2018;3;21;10:00;-7
2018;3;21;12:00;-5
2018;3;21;14:00;-6
2018;3;21;16:00;-8
2018;3;21;18:00;-7
2018;3;21;20:00;-6
2018;3;21;22:00;-5
2018;3;22;00:00;-4
2018;3;22;02:00;-3
2018;3;22;04:00;-2
2018;3;22;06:00;-2
2018;3;22;08:00;-1
2018;3;22;10:00;0
2018;3;22;12:00;0
2018;3;22;14:00;0
2018;3;22;16:00;0
2018;3;22;18:00;0
2018;3;22;20:00;-1
2018;3;22;22:00;-2
2018;3;23;00:00;-3
2018;3;23;02:00;-5
2018;3;23;04:00;-5
2018;3;23;06:00;-6
2018;3;23;08:00;-6
2018;3;23;10:00;-5
2018;3;23;12:00;-4
2018;3;23;14:00;-3
2018;3;23;16:00;-4
2018;3;23;18:00;-9
2018;3;23;20:00;-12
2018;3;23;22:00;-14
2018;3;24;00:00;-12
2018;3;24;02:00;-12
2018;3;24;04:00;-10
2018;3;24;06:00;-8
2018;3;24;08:00;-4
2018;3;24;10:00;-2
2018;3;24;12:00;-1
2018;3;24;14:00;-1
2018;3;24;16:00;1
2018;3;24;18:00;1
2018;3;24;20:00;0
2018;3;24;22:00;1
2018;3;25;00:00;1
2018;3;25;02:00;1
2018;3;25;04:00;1
2018;3;25;06:00;1
2018;3;25;08:00;2
2018;3;25;10:00;3
2018;3;25;12:00;4
2018;3;25;14:00;4
2018;3;25;16:00;4
2018;3;25;18:00;-3
2018;3;25;20:00;-4
2018;3;25;22:00;-5
2018;3;26;00:00;-6
2018;3;26;02:00;-8
2018;3;26;04:00;-11
2018;3;26;06:00;-10
2018;3;26;08:00;-7
2018;3;26;10:00;-4
2018;3;26;12:00;-3
2018;3;26;14:00;-3
2018;3;26;16:00;-4
2018;3;26;18:00;-6
2018;3;26;20:00;-7
2018;3;26;22:00;-8
2018;3;27;00:00;-9
2018;3;27;02:00;-11
2018;3;27;04:00;-12
2018;3;27;06:00;-10
2018;3;27;08:00;-6
2018;3;27;10:00;-3
2018;3;27;12:00;-1
2018;3;27;14:00;-4
2018;3;27;16:00;-4
2018;3;27;18:00;-9
2018;3;27;20:00;-11
2018;3;27;22:00;-10
2018;3;28;00:00;-10
2018;3;28;02:00;-11
2018;3;28;04:00;-9
2018;3;28;06:00;-8
2018;3;28;08:00;-6
2018;3;28;10:00;-3
2018;3;28;12:00;-2
2018;3;28;14:00;-2
2018;3;28;16:00;-3
2018;3;28;18:00;-4
2018;3;28;20:00;-6
2018;3;28;22:00;-8
2018;3;29;00:00;-10
2018;3;29;02:00;-12
2018;3;29;04:00;-10
2018;3;29;06:00;-8
2018;3;29;08:00;-3
2018;3;29;10:00;-1
2018;3;29;12:00;0
2018;3;29;14:00;0
2018;3;29;16:00;0
2018;3;29;18:00;-3
2018;3;29;20:00;-4
2018;3;29;22:00;-5
2018;3;30;00:00;-7
2018;3;30;02:00;-9
2018;3;30;04:00;-11
2018;3;30;06:00;-6
2018;3;30;08:00;-3
2018;3;30;10:00;0
2018;3;30;12:00;2
2018;3;30;14:00;2
2018;3;30;16:00;2
2018;3;30;18:00;-2
2018;3;30;20:00;-7
2018;3;30;22:00;-8
2018;3;31;00:00;-9
2018;3;31;02:00;-10
2018;3;31;04:00;-11
2018;3;31;06:00;-7
2018;3;31;08:00;0
2018;3;31;10:00;2
2018;3;31;12:00;3
2018;3;31;14:00;3
2018;3;31;16:00;1
2018;3;31;18:00;-4
2018;3;31;20:00;-5
2018;3;31;22:00;-6
2018;4;1;00:00;-8
2018;4;1;02:00;-8
2018;4;1;04:00;-7
2018;4;1;06:00;-3
2018;4;1;08:00;1
2018;4;1;10:00;3
2018;4;1;12:00;3
2018;4;1;14:00;4
2018;4;1;16:00;3
2018;4;1;18:00;0
2018;4;1;20:00;-1
2018;4;1;22:00;-1
2018;4;2;00:00;-1
2018;4;2;02:00;-1
2018;4;2;04:00;-1
2018;4;2;06:00;-1
2018;4;2;08:00;-1
2018;4;2;10:00;0
2018;4;2;12:00;0
2018;4;2;14:00;1
2018;4;2;16:00;0
2018;4;2;18:00;0
2018;4;2;20:00;0
2018;4;2;22:00;0
2018;4;3;00:00;-1
2018;4;3;02:00;-1
2018;4;3;04:00;-2
2018;4;3;06:00;-2
2018;4;3;08:00;-2
2018;4;3;10:00;-2
2018;4;3;12:00;0
2018;4;3;14:00;1
2018;4;3;16:00;1
2018;4;3;18:00;-2
2018;4;3;20:00;-4
2018;4;3;22:00;-6
2018;4;4;00:00;-8
2018;4;4;02:00;-8
2018;4;4;04:00;-11
2018;4;4;06:00;-7
2018;4;4;08:00;2
2018;4;4;10:00;4
2018;4;4;12:00;4
2018;4;4;14:00;5
2018;4;4;16:00;6
2018;4;4;18:00;5
2018;4;4;20:00;4
2018;4;4;22:00;3
2018;4;5;00:00;3
2018;4;5;02:00;3
2018;4;5;04:00;3
2018;4;5;06:00;3
2018;4;5;08:00;4
2018;4;5;10:00;5
2018;4;5;12:00;6
2018;4;5;14:00;10
2018;4;5;16:00;11
2018;4;5;18:00;9
2018;4;5;20:00;6
2018;4;5;22:00;6
2018;4;6;00:00;5
2018;4;6;02:00;4
2018;4;6;04:00;4
2018;4;6;06:00;4
2018;4;6;08:00;4
2018;4;6;10:00;4
2018;4;6;12:00;5
2018;4;6;14:00;2
2018;4;6;16:00;1
2018;4;6;18:00;1
2018;4;6;20:00;0
2018;4;6;22:00;1
2018;4;7;00:00;1
2018;4;7;02:00;1
2018;4;7;04:00;0
2018;4;7;06:00;1
2018;4;7;08:00;3
2018;4;7;10:00;5
2018;4;7;12:00;5
2018;4;7;14:00;5
2018;4;7;16:00;5
2018;4;7;18:00;4
2018;4;7;20:00;2
2018;4;7;22:00;2
2018;4;8;00:00;2
2018;4;8;02:00;2
2018;4;8;04:00;1
2018;4;8;06:00;2
2018;4;8;08:00;4
2018;4;8;10:00;7
2018;4;8;12:00;9
2018;4;8;14:00;10
2018;4;8;16:00;8
2018;4;8;18:00;5
2018;4;8;20:00;4
2018;4;8;22:00;2
2018;4;9;00:00;2
2018;4;9;02:00;4
2018;4;9;04:00;3
2018;4;9;06:00;5
2018;4;9;08:00;8
2018;4;9;10:00;10
2018;4;9;12:00;12
2018;4;9;14:00;8
2018;4;9;16:00;5
2018;4;9;18:00;3
2018;4;9;20:00;0
2018;4;9;22:00;1
2018;4;10;00:00;1
2018;4;10;02:00;0
2018;4;10;04:00;0
2018;4;10;06:00;-1
2018;4;10;08:00;1
2018;4;10;10:00;3
2018;4;10;12:00;4
2018;4;10;14:00;4
2018;4;10;16:00;4
2018;4;10;18:00;2
2018;4;10;20:00;0
2018;4;10;22:00;-3
2018;4;11;00:00;-3
2018;4;11;02:00;-4
2018;4;11;04:00;-3
2018;4;11;06:00;2
2018;4;11;08:00;4
2018;4;11;10:00;5
2018;4;11;12:00;7
2018;4;11;14:00;7
2018;4;11;16:00;7
2018;4;11;18:00;3
2018;4;11;20:00;1
2018;4;11;22:00;-1
2018;4;12;00:00;-1
2018;4;12;02:00;1
2018;4;12;04:00;0
2018;4;12;06:00;2
2018;4;12;08:00;6
2018;4;12;10:00;7
2018;4;12;12:00;9
2018;4;12;14:00;9
2018;4;12;16:00;8
2018;4;12;18:00;3
2018;4;12;20:00;2
2018;4;12;22:00;0
2018;4;13;00:00;-1
2018;4;13;02:00;-2
2018;4;13;04:00;-1
2018;4;13;06:00;2
2018;4;13;08:00;7
2018;4;13;10:00;9
2018;4;13;12:00;9
2018;4;13;14:00;10
2018;4;13;16:00;10
2018;4;13;18:00;4
2018;4;13;20:00;5
2018;4;13;22:00;3
2018;4;14;00:00;0
2018;4;14;02:00;0
2018;4;14;04:00;1
2018;4;14;06:00;5
2018;4;14;08:00;9
2018;4;14;10:00;12
2018;4;14;12:00;13
2018;4;14;14:00;13
2018;4;14;16:00;12
2018;4;14;18:00;8
2018;4;14;20:00;3
2018;4;14;22:00;1
2018;4;15;00:00;1
2018;4;15;02:00;0
2018;4;15;04:00;2
2018;4;15;06:00;8
2018;4;15;08:00;12
2018;4;15;10:00;15
2018;4;15;12:00;16
2018;4;15;14:00;15
2018;4;15;16:00;14
2018;4;15;18:00;11
2018;4;15;20:00;9
2018;4;15;22:00;8
2018;4;16;00:00;5
2018;4;16;02:00;5
2018;4;16;04:00;3
2018;4;16;06:00;8
2018;4;16;08:00;9
2018;4;16;10:00;11
2018;4;16;12:00;13
2018;4;16;14:00;13
2018;4;16;16:00;13
2018;4;16;18:00;9
2018;4;16;20:00;8
2018;4;16;22:00;8
2018;4;17;00:00;8
2018;4;17;02:00;7
2018;4;17;04:00;6
2018;4;17;06:00;7
2018;4;17;08:00;9
2018;4;17;10:00;10
2018;4;17;12:00;13
2018;4;17;14:00;11
2018;4;17;16:00;10
2018;4;17;18:00;7
2018;4;17;20:00;6
2018;4;17;22:00;5
2018;4;18;00:00;4
2018;4;18;02:00;4
2018;4;18;04:00;3
2018;4;18;06:00;4
2018;4;18;08:00;4
2018;4;18;10:00;4
2018;4;18;12:00;6
2018;4;18;14:00;8
2018;4;18;16:00;8
2018;4;18;18:00;7
2018;4;18;20:00;7
2018;4;18;22:00;7
2018;4;19;00:00;8
2018;4;19;02:00;6
2018;4;19;04:00;7
2018;4;19;06:00;7
2018;4;19;08:00;9
2018;4;19;10:00;11
2018;4;19;12:00;13
2018;4;19;14:00;14
2018;4;19;16:00;13
2018;4;19;18:00;10
2018;4;19;20:00;8
2018;4;19;22:00;7
2018;4;20;00:00;5
2018;4;20;02:00;4
2018;4;20;04:00;4
2018;4;20;06:00;5
2018;4;20;08:00;7
2018;4;20;10:00;8
2018;4;20;12:00;11
2018;4;20;14:00;12
2018;4;20;16:00;12
2018;4;20;18:00;9
2018;4;20;20:00;8
2018;4;20;22:00;7
2018;4;21;00:00;6
2018;4;21;02:00;5
2018;4;21;04:00;6
2018;4;21;06:00;5
2018;4;21;08:00;4
2018;4;21;10:00;3
2018;4;21;12:00;5
2018;4;21;14:00;7
2018;4;21;16:00;4
2018;4;21;18:00;3
2018;4;21;20:00;3
2018;4;21;22:00;2
2018;4;22;00:00;1
2018;4;22;02:00;1
2018;4;22;04:00;0
2018;4;22;06:00;1
2018;4;22;08:00;2
2018;4;22;10:00;3
2018;4;22;12:00;3
2018;4;22;14:00;5
2018;4;22;16:00;4
2018;4;22;18:00;2
2018;4;22;20:00;-2
2018;4;22;22:00;-3
2018;4;23;00:00;-3
2018;4;23;02:00;-3
2018;4;23;04:00;-3
2018;4;23;06:00;2
2018;4;23;08:00;4
2018;4;23;10:00;7
2018;4;23;12:00;8
2018;4;23;14:00;9
2018;4;23;16:00;7
2018;4;23;18:00;4
2018;4;23;20:00;2
2018;4;23;22:00;0
2018;4;24;00:00;1
2018;4;24;02:00;1
2018;4;24;04:00;2
2018;4;24;06:00;3
2018;4;24;08:00;5
2018;4;24;10:00;6
2018;4;24;12:00;4
2018;4;24;14:00;4
2018;4;24;16:00;5
2018;4;24;18:00;5
2018;4;24;20:00;5
2018;4;24;22:00;4
2018;4;25;00:00;4
2018;4;25;02:00;4
2018;4;25;04:00;5
2018;4;25;06:00;5
2018;4;25;08:00;7
2018;4;25;10:00;7
2018;4;25;12:00;7
2018;4;25;14:00;8
2018;4;25;16:00;7
2018;4;25;18:00;6
2018;4;25;20:00;5
2018;4;25;22:00;4
2018;4;26;00:00;4
2018;4;26;02:00;4
2018;4;26;04:00;4
2018;4;26;06:00;5
2018;4;26;08:00;5
2018;4;26;10:00;8
2018;4;26;12:00;10
2018;4;26;14:00;10
2018;4;26;16:00;9
2018;4;26;18:00;6
2018;4;26;20:00;2
2018;4;26;22:00;3
2018;4;27;00:00;2
2018;4;27;02:00;1
2018;4;27;04:00;2
2018;4;27;06:00;6
2018;4;27;08:00;7
2018;4;27;10:00;9
2018;4;27;12:00;10
2018;4;27;14:00;12
2018;4;27;16:00;11
2018;4;27;18:00;7
2018;4;27;20:00;4
2018;4;27;22:00;2
2018;4;28;00:00;2
2018;4;28;02:00;3
2018;4;28;04:00;3
2018;4;28;06:00;3
2018;4;28;08:00;6
2018;4;28;10:00;11
2018;4;28;12:00;11
2018;4;28;14:00;9
2018;4;28;16:00;10
2018;4;28;18:00;8
2018;4;28;20:00;6
2018;4;28;22:00;3
2018;4;29;00:00;2
2018;4;29;02:00;0
2018;4;29;04:00;2
2018;4;29;06:00;6
2018;4;29;08:00;10
2018;4;29;10:00;12
2018;4;29;12:00;9
2018;4;29;14:00;7
2018;4;29;16:00;7
2018;4;29;18:00;7
2018;4;29;20:00;7
2018;4;29;22:00;6
2018;4;30;00:00;6
2018;4;30;02:00;5
2018;4;30;04:00;4
2018;4;30;06:00;5
2018;4;30;08:00;7
2018;4;30;10:00;9
2018;4;30;12:00;10
2018;4;30;14:00;11
2018;4;30;16:00;11
2018;4;30;18:00;7
2018;4;30;20:00;7
2018;4;30;22:00;6
2018;5;1;00:00;5
2018;5;1;02:00;4
2018;5;1;04:00;5
2018;5;1;06:00;6
2018;5;1;08:00;8
2018;5;1;10:00;8
2018;5;1;12:00;8
2018;5;1;14:00;8
2018;5;1;16:00;7
2018;5;1;18:00;6
2018;5;1;20:00;6
2018;5;1;22:00;6
2018;5;2;00:00;5
2018;5;2;02:00;5
2018;5;2;04:00;5
2018;5;2;06:00;6
2018;5;2;08:00;6
2018;5;2;10:00;8
2018;5;2;12:00;9
2018;5;2;14:00;9
2018;5;2;16:00;9
2018;5;2;18:00;7
2018;5;2;20:00;7
2018;5;2;22:00;6
2018;5;3;00:00;6
2018;5;3;02:00;6
2018;5;3;04:00;6
2018;5;3;06:00;8
2018;5;3;08:00;9
2018;5;3;10:00;11
2018;5;3;12:00;11
2018;5;3;14:00;12
2018;5;3;16:00;11
2018;5;3;18:00;10
2018;5;3;20:00;10
2018;5;3;22:00;8
2018;5;4;00:00;7
2018;5;4;02:00;7
2018;5;4;04:00;7
2018;5;4;06:00;8
2018;5;4;08:00;9
2018;5;4;10:00;14
2018;5;4;12:00;15
2018;5;4;14:00;14
2018;5;4;16:00;13
2018;5;4;18:00;12
2018;5;4;20:00;7
2018;5;4;22:00;6
2018;5;5;00:00;6
2018;5;5;02:00;6
2018;5;5;04:00;6
2018;5;5;06:00;6
2018;5;5;08:00;5
2018;5;5;10:00;6
2018;5;5;12:00;7
2018;5;5;14:00;9
2018;5;5;16:00;11
2018;5;5;18:00;9
2018;5;5;20:00;5
2018;5;5;22:00;3
2018;5;6;00:00;2
2018;5;6;02:00;2
2018;5;6;04:00;7
2018;5;6;06:00;13
2018;5;6;08:00;16
2018;5;6;10:00;17
2018;5;6;12:00;19
2018;5;6;14:00;18
2018;5;6;16:00;17
2018;5;6;18:00;14
2018;5;6;20:00;12
2018;5;6;22:00;11
2018;5;7;00:00;10
2018;5;7;02:00;10
2018;5;7;04:00;11
2018;5;7;06:00;14
2018;5;7;08:00;17
2018;5;7;10:00;19
2018;5;7;12:00;19
2018;5;7;14:00;19
2018;5;7;16:00;18
2018;5;7;18:00;16
2018;5;7;20:00;13
2018;5;7;22:00;11
2018;5;8;00:00;12
2018;5;8;02:00;10
2018;5;8;04:00;9
2018;5;8;06:00;10
2018;5;8;08:00;12
2018;5;8;10:00;13
2018;5;8;12:00;15
2018;5;8;14:00;15
2018;5;8;16:00;15
2018;5;8;18:00;12
2018;5;8;20:00;9
2018;5;8;22:00;7
2018;5;9;00:00;6
2018;5;9;02:00;6
2018;5;9;04:00;7
2018;5;9;06:00;10
2018;5;9;08:00;13
2018;5;9;10:00;14
2018;5;9;12:00;16
2018;5;9;14:00;15
2018;5;9;16:00;14
2018;5;9;18:00;12
2018;5;9;20:00;9
2018;5;9;22:00;6
2018;5;10;00:00;6
2018;5;10;02:00;5
2018;5;10;04:00;7
2018;5;10;06:00;12
2018;5;10;08:00;15
2018;5;10;10:00;18
2018;5;10;12:00;19
2018;5;10;14:00;20
2018;5;10;16:00;20
2018;5;10;18:00;17
2018;5;10;20:00;13
2018;5;10;22:00;10
2018;5;11;00:00;8
2018;5;11;02:00;7
2018;5;11;04:00;10
2018;5;11;06:00;16
2018;5;11;08:00;19
2018;5;11;10:00;21
2018;5;11;12:00;22
2018;5;11;14:00;22
2018;5;11;16:00;22
2018;5;11;18:00;19
2018;5;11;20:00;12
2018;5;11;22:00;10
2018;5;12;00:00;9
2018;5;12;02:00;7
2018;5;12;04:00;14
2018;5;12;06:00;19
2018;5;12;08:00;21
2018;5;12;10:00;22
2018;5;12;12:00;24
2018;5;12;14:00;24
2018;5;12;16:00;23
2018;5;12;18:00;20
2018;5;12;20:00;14
2018;5;12;22:00;13
2018;5;13;00:00;12
2018;5;13;02:00;12
2018;5;13;04:00;17
2018;5;13;06:00;20
2018;5;13;08:00;23
2018;5;13;10:00;24
2018;5;13;12:00;26
2018;5;13;14:00;25
2018;5;13;16:00;24
2018;5;13;18:00;21
2018;5;13;20:00;15
2018;5;13;22:00;13
2018;5;14;00:00;10
2018;5;14;02:00;11
2018;5;14;04:00;17
2018;5;14;06:00;22
2018;5;14;08:00;24
2018;5;14;10:00;26
2018;5;14;12:00;28
2018;5;14;14:00;28
2018;5;14;16:00;27
2018;5;14;18:00;21
2018;5;14;20:00;17
2018;5;14;22:00;15
2018;5;15;00:00;13
2018;5;15;02:00;11
2018;5;15;04:00;17
2018;5;15;06:00;21
2018;5;15;08:00;24
2018;5;15;10:00;26
2018;5;15;12:00;26
2018;5;15;14:00;26
2018;5;15;16:00;25
2018;5;15;18:00;22
2018;5;15;20:00;15
2018;5;15;22:00;14
2018;5;16;00:00;14
2018;5;16;02:00;15
2018;5;16;04:00;17
2018;5;16;06:00;18
2018;5;16;08:00;22
2018;5;16;10:00;23
2018;5;16;12:00;22
2018;5;16;14:00;20
2018;5;16;16:00;20
2018;5;16;18:00;19
2018;5;16;20:00;16
2018;5;16;22:00;14
2018;5;17;00:00;12
2018;5;17;02:00;10
2018;5;17;04:00;13
2018;5;17;06:00;17
2018;5;17;08:00;18
2018;5;17;10:00;21
2018;5;17;12:00;23
2018;5;17;14:00;23
2018;5;17;16:00;22
2018;5;17;18:00;18
2018;5;17;20:00;16
2018;5;17;22:00;14
2018;5;18;00:00;15
2018;5;18;02:00;14
2018;5;18;04:00;14
2018;5;18;06:00;13
2018;5;18;08:00;16
2018;5;18;10:00;15
2018;5;18;12:00;14
2018;5;18;14:00;11
2018;5;18;16:00;10
2018;5;18;18:00;10
2018;5;18;20:00;9
2018;5;18;22:00;9
2018;5;19;00:00;9
2018;5;19;02:00;8
2018;5;19;04:00;9
2018;5;19;06:00;11
2018;5;19;08:00;13
2018;5;19;10:00;14
2018;5;19;12:00;15
2018;5;19;14:00;16
2018;5;19;16:00;16
2018;5;19;18:00;15
2018;5;19;20:00;9
2018;5;19;22:00;6
2018;5;20;00:00;5
2018;5;20;02:00;7
2018;5;20;04:00;12
2018;5;20;06:00;14
2018;5;20;08:00;17
2018;5;20;10:00;19
2018;5;20;12:00;21
2018;5;20;14:00;21
2018;5;20;16:00;20
2018;5;20;18:00;17
2018;5;20;20:00;14
2018;5;20;22:00;13
2018;5;21;00:00;13
2018;5;21;02:00;12
2018;5;21;04:00;14
2018;5;21;06:00;19
2018;5;21;08:00;22
2018;5;21;10:00;23
2018;5;21;12:00;24
2018;5;21;14:00;25
2018;5;21;16:00;24
2018;5;21;18:00;21
2018;5;21;20:00;21
2018;5;21;22:00;21
2018;5;22;00:00;10
2018;5;22;02:00;10
2018;5;22;04:00;10
2018;5;22;06:00;24
2018;5;22;08:00;24
2018;5;22;10:00;24
2018;5;22;12:00;24
2018;5;22;14:00;23
2018;5;22;16:00;23
2018;5;22;18:00;20
2018;5;22;20:00;17
2018;5;22;22:00;15
2018;5;23;00:00;13
2018;5;23;02:00;12
2018;5;23;04:00;13
2018;5;23;06:00;15
2018;5;23;08:00;17
2018;5;23;10:00;21
2018;5;23;12:00;24
2018;5;23;14:00;22
2018;5;23;16:00;20
2018;5;23;18:00;20
2018;5;23;20:00;17
2018;5;23;22:00;15
2018;5;24;00:00;13
2018;5;24;02:00;11
2018;5;24;04:00;12
2018;5;24;06:00;13
2018;5;24;08:00;15
2018;5;24;10:00;17
2018;5;24;12:00;17
2018;5;24;14:00;17
2018;5;24;16:00;17
2018;5;24;18:00;16
2018;5;24;20:00;10
2018;5;24;22:00;11
2018;5;25;00:00;7
2018;5;25;02:00;7
2018;5;25;04:00;14
2018;5;25;06:00;16
2018;5;25;08:00;19
2018;5;25;10:00;20
2018;5;25;12:00;21
2018;5;25;14:00;22
2018;5;25;16:00;21
2018;5;25;18:00;18
2018;5;25;20:00;14
2018;5;25;22:00;11
2018;5;26;00:00;9
2018;5;26;02:00;9
2018;5;26;04:00;13
2018;5;26;06:00;18
2018;5;26;08:00;21
2018;5;26;10:00;23
2018;5;26;12:00;24
2018;5;26;14:00;25
2018;5;26;16:00;23
2018;5;26;18:00;21
2018;5;26;20:00;18
2018;5;26;22:00;16
2018;5;27;00:00;17
2018;5;27;02:00;15
2018;5;27;04:00;14
2018;5;27;06:00;14
2018;5;27;08:00;16
2018;5;27;10:00;18
2018;5;27;12:00;18
2018;5;27;14:00;19
2018;5;27;16:00;18
2018;5;27;18:00;16
2018;5;27;20:00;13
2018;5;27;22:00;10
2018;5;28;00:00;9
2018;5;28;02:00;8
2018;5;28;04:00;14
2018;5;28;06:00;17
2018;5;28;08:00;18
2018;5;28;10:00;19
2018;5;28;12:00;21
2018;5;28;14:00;22
2018;5;28;16:00;21
2018;5;28;18:00;19
2018;5;28;20:00;14
2018;5;28;22:00;12
2018;5;29;00:00;10
2018;5;29;02:00;8
2018;5;29;04:00;13
2018;5;29;06:00;19
2018;5;29;08:00;22
2018;5;29;10:00;24
2018;5;29;12:00;25
2018;5;29;14:00;25
2018;5;29;16:00;25
2018;5;29;18:00;23
2018;5;29;20:00;22
2018;5;29;22:00;20
2018;5;30;00:00;18
2018;5;30;02:00;16
2018;5;30;04:00;15
2018;5;30;06:00;16
2018;5;30;08:00;18
2018;5;30;10:00;18
2018;5;30;12:00;20
2018;5;30;14:00;20
2018;5;30;16:00;19
2018;5;30;18:00;17
2018;5;30;20:00;15
2018;5;30;22:00;12
2018;5;31;00:00;11
2018;5;31;02:00;10
2018;5;31;04:00;11
2018;5;31;06:00;11
2018;5;31;08:00;13
2018;5;31;10:00;14
2018;5;31;12:00;15
2018;5;31;14:00;15
2018;5;31;16:00;16
2018;5;31;18:00;14
2018;5;31;20:00;9
2018;5;31;22:00;9
2018;6;1;00:00;6
2018;6;1;02:00;7
2018;6;1;04:00;11
2018;6;1;06:00;16
2018;6;1;08:00;19
2018;6;1;10:00;20
2018;6;1;12:00;20
2018;6;1;14:00;19
2018;6;1;16:00;20
2018;6;1;18:00;18
2018;6;1;20:00;16
2018;6;1;22:00;14
2018;6;2;00:00;13
2018;6;2;02:00;16
2018;6;2;04:00;16
2018;6;2;06:00;19
2018;6;2;08:00;22
2018;6;2;10:00;23
2018;6;2;12:00;24
2018;6;2;14:00;25
2018;6;2;16:00;24
2018;6;2;18:00;23
2018;6;2;20:00;18
2018;6;2;22:00;17
2018;6;3;00:00;17
2018;6;3;02:00;16
2018;6;3;04:00;14
2018;6;3;06:00;15
2018;6;3;08:00;19
2018;6;3;10:00;21
2018;6;3;12:00;22
2018;6;3;14:00;21
2018;6;3;16:00;20
2018;6;3;18:00;19
2018;6;3;20:00;15
2018;6;3;22:00;16
2018;6;4;00:00;15
2018;6;4;02:00;14
2018;6;4;04:00;15
2018;6;4;06:00;15
2018;6;4;08:00;17
2018;6;4;10:00;16
2018;6;4;12:00;15
2018;6;4;14:00;12
2018;6;4;16:00;12
2018;6;4;18:00;11
2018;6;4;20:00;9
2018;6;4;22:00;9
2018;6;5;00:00;7
2018;6;5;02:00;7
2018;6;5;04:00;7
2018;6;5;06:00;7
2018;6;5;08:00;7
2018;6;5;10:00;7
2018;6;5;12:00;7
2018;6;5;14:00;8
2018;6;5;16:00;10
2018;6;5;18:00;10
2018;6;5;20:00;9
2018;6;5;22:00;8
2018;6;6;00:00;7
2018;6;6;02:00;8
2018;6;6;04:00;8
2018;6;6;06:00;10
2018;6;6;08:00;9
2018;6;6;10:00;11
2018;6;6;12:00;13
2018;6;6;14:00;12
2018;6;6;16:00;12
2018;6;6;18:00;11
2018;6;6;20:00;7
2018;6;6;22:00;6
2018;6;7;00:00;6
2018;6;7;02:00;5
2018;6;7;04:00;8
2018;6;7;06:00;11
2018;6;7;08:00;11
2018;6;7;10:00;11
2018;6;7;12:00;12
2018;6;7;14:00;12
2018;6;7;16:00;12
2018;6;7;18:00;9
2018;6;7;20:00;8
2018;6;7;22:00;8
2018;6;8;00:00;6
2018;6;8;02:00;6
2018;6;8;04:00;7
2018;6;8;06:00;9
2018;6;8;08:00;10
2018;6;8;10:00;11
2018;6;8;12:00;12
2018;6;8;14:00;13
2018;6;8;16:00;12
2018;6;8;18:00;11
2018;6;8;20:00;9
2018;6;8;22:00;6
2018;6;9;00:00;3
2018;6;9;02:00;4
2018;6;9;04:00;10
2018;6;9;06:00;13
2018;6;9;08:00;14
2018;6;9;10:00;14
2018;6;9;12:00;16
2018;6;9;14:00;15
2018;6;9;16:00;15
2018;6;9;18:00;13
2018;6;9;20:00;9
2018;6;9;22:00;7
2018;6;10;00:00;7
2018;6;10;02:00;8
2018;6;10;04:00;13
2018;6;10;06:00;14
2018;6;10;08:00;16
2018;6;10;10:00;17
2018;6;10;12:00;18
2018;6;10;14:00;19
2018;6;10;16:00;19
2018;6;10;18:00;18
2018;6;10;20:00;14
2018;6;10;22:00;12
2018;6;11;00:00;11
2018;6;11;02:00;11
2018;6;11;04:00;12
2018;6;11;06:00;15
2018;6;11;08:00;18
2018;6;11;10:00;20
2018;6;11;12:00;20
2018;6;11;14:00;21
2018;6;11;16:00;19
2018;6;11;18:00;19
2018;6;11;20:00;17
2018;6;11;22:00;15
2018;6;12;00:00;16
2018;6;12;02:00;13
2018;6;12;04:00;14
2018;6;12;06:00;14
2018;6;12;08:00;16
2018;6;12;10:00;16
2018;6;12;12:00;17
2018;6;12;14:00;18
2018;6;12;16:00;17
2018;6;12;18:00;15
2018;6;12;20:00;13
2018;6;12;22:00;11
2018;6;13;00:00;6
2018;6;13;02:00;7
2018;6;13;04:00;10
2018;6;13;06:00;11
2018;6;13;08:00;13
2018;6;13;10:00;15
2018;6;13;12:00;16
2018;6;13;14:00;16
2018;6;13;16:00;16
2018;6;13;18:00;14
2018;6;13;20:00;13
2018;6;13;22:00;11
2018;6;14;00:00;10
2018;6;14;02:00;10
2018;6;14;04:00;11
2018;6;14;06:00;15
2018;6;14;08:00;18
2018;6;14;10:00;18
2018;6;14;12:00;20
2018;6;14;14:00;20
2018;6;14;16:00;20
2018;6;14;18:00;18
2018;6;14;20:00;15
2018;6;14;22:00;12
2018;6;15;00:00;12
2018;6;15;02:00;12
2018;6;15;04:00;15
2018;6;15;06:00;18
2018;6;15;08:00;21
2018;6;15;10:00;22
2018;6;15;12:00;23
2018;6;15;14:00;24
2018;6;15;16:00;22
2018;6;15;18:00;20
2018;6;15;20:00;17
2018;6;15;22:00;15
2018;6;16;00:00;13
2018;6;16;02:00;12
2018;6;16;04:00;14
2018;6;16;06:00;19
2018;6;16;08:00;22
2018;6;16;10:00;23
2018;6;16;12:00;23
2018;6;16;14:00;25
2018;6;16;16:00;23
2018;6;16;18:00;21
2018;6;16;20:00;19
2018;6;16;22:00;16
2018;6;17;00:00;13
2018;6;17;02:00;15
2018;6;17;04:00;18
2018;6;17;06:00;22
2018;6;17;08:00;24
2018;6;17;10:00;25
2018;6;17;12:00;25
2018;6;17;14:00;25
2018;6;17;16:00;24
2018;6;17;18:00;22
2018;6;17;20:00;19
2018;6;17;22:00;17
2018;6;18;00:00;17
2018;6;18;02:00;17
2018;6;18;04:00;17
2018;6;18;06:00;21
2018;6;18;08:00;22
2018;6;18;10:00;23
2018;6;18;12:00;23
2018;6;18;14:00;23
2018;6;18;16:00;22
2018;6;18;18:00;19
2018;6;18;20:00;17
2018;6;18;22:00;15
2018;6;19;00:00;12
2018;6;19;02:00;11
2018;6;19;04:00;14
2018;6;19;06:00;16
2018;6;19;08:00;17
2018;6;19;10:00;17
2018;6;19;12:00;15
2018;6;19;14:00;14
2018;6;19;16:00;13
2018;6;19;18:00;11
2018;6;19;20:00;11
2018;6;19;22:00;11
2018;6;20;00:00;10
2018;6;20;02:00;11
2018;6;20;04:00;13
2018;6;20;06:00;16
2018;6;20;08:00;17
2018;6;20;10:00;19
2018;6;20;12:00;19
2018;6;20;14:00;20
2018;6;20;16:00;20
2018;6;20;18:00;18
2018;6;20;20:00;14
2018;6;20;22:00;11
2018;6;21;00:00;9
2018;6;21;02:00;9
2018;6;21;04:00;12
2018;6;21;06:00;16
2018;6;21;08:00;18
2018;6;21;10:00;19
2018;6;21;12:00;18
2018;6;21;14:00;18
2018;6;21;16:00;16
2018;6;21;18:00;15
2018;6;21;20:00;15
2018;6;21;22:00;15
2018;6;22;00:00;15
2018;6;22;02:00;16
2018;6;22;04:00;14
2018;6;22;06:00;13
2018;6;22;08:00;15
2018;6;22;10:00;15
2018;6;22;12:00;16
2018;6;22;14:00;16
2018;6;22;16:00;13
2018;6;22;18:00;11
2018;6;22;20:00;10
2018;6;22;22:00;10
2018;6;23;00:00;10
2018;6;23;02:00;10
2018;6;23;04:00;12
2018;6;23;06:00;12
2018;6;23;08:00;15
2018;6;23;10:00;16
2018;6;23;12:00;18
2018;6;23;14:00;18
2018;6;23;16:00;17
2018;6;23;18:00;16
2018;6;23;20:00;12
2018;6;23;22:00;9
2018;6;24;00:00;7
2018;6;24;02:00;9
2018;6;24;04:00;12
2018;6;24;06:00;15
2018;6;24;08:00;17
2018;6;24;10:00;18
2018;6;24;12:00;19
2018;6;24;14:00;18
2018;6;24;16:00;14
2018;6;24;18:00;15
2018;6;24;20:00;14
2018;6;24;22:00;14
2018;6;25;00:00;14
2018;6;25;02:00;13
2018;6;25;04:00;14
2018;6;25;06:00;15
2018;6;25;08:00;14
2018;6;25;10:00;14
2018;6;25;12:00;14
2018;6;25;14:00;15
2018;6;25;16:00;14
2018;6;25;18:00;15
2018;6;25;20:00;11
2018;6;25;22:00;10
2018;6;26;00:00;10
2018;6;26;02:00;10
2018;6;26;04:00;13
2018;6;26;06:00;17
2018;6;26;08:00;18
2018;6;26;10:00;20
2018;6;26;12:00;21
2018;6;26;14:00;22
2018;6;26;16:00;22
2018;6;26;18:00;19
2018;6;26;20:00;16
2018;6;26;22:00;14
2018;6;27;00:00;13
2018;6;27;02:00;13
2018;6;27;04:00;14
2018;6;27;06:00;19
2018;6;27;08:00;20
2018;6;27;10:00;22
2018;6;27;12:00;24
2018;6;27;14:00;22
2018;6;27;16:00;23
2018;6;27;18:00;21
2018;6;27;20:00;19
2018;6;27;22:00;16
2018;6;28;00:00;13
2018;6;28;02:00;14
2018;6;28;04:00;18
2018;6;28;06:00;21
2018;6;28;08:00;24
2018;6;28;10:00;26
2018;6;28;12:00;28
2018;6;28;14:00;26
2018;6;28;16:00;25
2018;6;28;18:00;22
2018;6;28;20:00;19
2018;6;28;22:00;18
2018;6;29;00:00;17
2018;6;29;02:00;15
2018;6;29;04:00;15
2018;6;29;06:00;15
2018;6;29;08:00;15
2018;6;29;10:00;15
2018;6;29;12:00;12
2018;6;29;14:00;12
2018;6;29;16:00;12
2018;6;29;18:00;11
2018;6;29;20:00;10
2018;6;29;22:00;10
2018;6;30;00:00;9
2018;6;30;02:00;9
2018;6;30;04:00;10
2018;6;30;06:00;11
2018;6;30;08:00;11
2018;6;30;10:00;12
2018;6;30;12:00;14
2018;6;30;14:00;14
2018;6;30;16:00;13
2018;6;30;18:00;12
2018;6;30;20:00;12
2018;6;30;22:00;11
2018;7;1;00:00;11
2018;7;1;02:00;11
2018;7;1;04:00;11
2018;7;1;06:00;13
2018;7;1;08:00;14
2018;7;1;10:00;16
2018;7;1;12:00;16
2018;7;1;14:00;18
2018;7;1;16:00;17
2018;7;1;18:00;16
2018;7;1;20:00;15
2018;7;1;22:00;13
2018;7;2;00:00;11
2018;7;2;02:00;11
2018;7;2;04:00;11
2018;7;2;06:00;11
2018;7;2;08:00;12
2018;7;2;10:00;13
2018;7;2;12:00;13
2018;7;2;14:00;14
2018;7;2;16:00;14
2018;7;2;18:00;14
2018;7;2;20:00;14
2018;7;2;22:00;13
2018;7;3;00:00;13
2018;7;3;02:00;12
2018;7;3;04:00;13
2018;7;3;06:00;13
2018;7;3;08:00;13
2018;7;3;10:00;14
2018;7;3;12:00;17
2018;7;3;14:00;18
2018;7;3;16:00;18
2018;7;3;18:00;15
2018;7;3;20:00;12
2018;7;3;22:00;11
2018;7;4;00:00;11
2018;7;4;02:00;11
2018;7;4;04:00;15
2018;7;4;06:00;17
2018;7;4;08:00;18
2018;7;4;10:00;19
2018;7;4;12:00;20
2018;7;4;14:00;21
2018;7;4;16:00;19
2018;7;4;18:00;16
2018;7;4;20:00;16
2018;7;4;22:00;15
2018;7;5;00:00;13
2018;7;5;02:00;13
2018;7;5;04:00;15
2018;7;5;06:00;17
2018;7;5;08:00;19
2018;7;5;10:00;18
2018;7;5;12:00;17
2018;7;5;14:00;16
2018;7;5;16:00;15
2018;7;5;18:00;15
2018;7;5;20:00;15
2018;7;5;22:00;15
2018;7;6;00:00;15
2018;7;6;02:00;14
2018;7;6;04:00;13
2018;7;6;06:00;14
2018;7;6;08:00;15
2018;7;6;10:00;16
2018;7;6;12:00;19
2018;7;6;14:00;20
2018;7;6;16:00;20
2018;7;6;18:00;19
2018;7;6;20:00;17
2018;7;6;22:00;17
2018;7;7;00:00;17
2018;7;7;02:00;17
2018;7;7;04:00;18
2018;7;7;06:00;18
2018;7;7;08:00;18
2018;7;7;10:00;19
2018;7;7;12:00;20
2018;7;7;14:00;20
2018;7;7;16:00;20
2018;7;7;18:00;19
2018;7;7;20:00;18
2018;7;7;22:00;17
2018;7;8;00:00;17
2018;7;8;02:00;16
2018;7;8;04:00;15
2018;7;8;06:00;15
2018;7;8;08:00;16
2018;7;8;10:00;16
2018;7;8;12:00;16
2018;7;8;14:00;16
2018;7;8;16:00;17
2018;7;8;18:00;16
2018;7;8;20:00;14
2018;7;8;22:00;14
2018;7;9;00:00;14
2018;7;9;02:00;13
2018;7;9;04:00;13
2018;7;9;06:00;14
2018;7;9;08:00;15
2018;7;9;10:00;17
2018;7;9;12:00;18
2018;7;9;14:00;19
2018;7;9;16:00;18
2018;7;9;18:00;19
2018;7;9;20:00;18
2018;7;9;22:00;16
2018;7;10;00:00;14
2018;7;10;02:00;14
2018;7;10;04:00;13
2018;7;10;06:00;14
2018;7;10;08:00;15
2018;7;10;10:00;16
2018;7;10;12:00;17
2018;7;10;14:00;17
2018;7;10;16:00;17
2018;7;10;18:00;16
2018;7;10;20:00;15
2018;7;10;22:00;16
2018;7;11;00:00;16
2018;7;11;02:00;16
2018;7;11;04:00;17
2018;7;11;06:00;18
2018;7;11;08:00;19
2018;7;11;10:00;21
2018;7;11;12:00;22
2018;7;11;14:00;23
2018;7;11;16:00;23
2018;7;11;18:00;22
2018;7;11;20:00;18
2018;7;11;22:00;17
2018;7;12;00:00;17
2018;7;12;02:00;17
2018;7;12;04:00;19
2018;7;12;06:00;22
2018;7;12;08:00;23
2018;7;12;10:00;24
2018;7;12;12:00;24
2018;7;12;14:00;24
2018;7;12;16:00;24
2018;7;12;18:00;23
2018;7;12;20:00;18
2018;7;12;22:00;16
2018;7;13;00:00;15
2018;7;13;02:00;15
2018;7;13;04:00;19
2018;7;13;06:00;22
2018;7;13;08:00;24
2018;7;13;10:00;25
2018;7;13;12:00;25
2018;7;13;14:00;26
2018;7;13;16:00;26
2018;7;13;18:00;24
2018;7;13;20:00;21
2018;7;13;22:00;19
2018;7;14;00:00;16
2018;7;14;02:00;15
2018;7;14;04:00;20
2018;7;14;06:00;23
2018;7;14;08:00;25
2018;7;14;10:00;25
2018;7;14;12:00;26
2018;7;14;14:00;27
2018;7;14;16:00;27
2018;7;14;18:00;24
2018;7;14;20:00;20
2018;7;14;22:00;18
2018;7;15;00:00;17
2018;7;15;02:00;18
2018;7;15;04:00;22
2018;7;15;06:00;24
2018;7;15;08:00;26
2018;7;15;10:00;28
2018;7;15;12:00;28
2018;7;15;14:00;28
2018;7;15;16:00;28
2018;7;15;18:00;25
2018;7;15;20:00;21
2018;7;15;22:00;19
2018;7;16;00:00;18
2018;7;16;02:00;19
2018;7;16;04:00;22
2018;7;16;06:00;25
2018;7;16;08:00;27
2018;7;16;10:00;28
2018;7;16;12:00;28
2018;7;16;14:00;29
2018;7;16;16:00;29
2018;7;16;18:00;27
2018;7;16;20:00;22
2018;7;16;22:00;21
2018;7;17;00:00;20
2018;7;17;02:00;19
2018;7;17;04:00;24
2018;7;17;06:00;26
2018;7;17;08:00;28
2018;7;17;10:00;29
2018;7;17;12:00;30
2018;7;17;14:00;30
2018;7;17;16:00;29
2018;7;17;18:00;28
2018;7;17;20:00;25
2018;7;17;22:00;24
2018;7;18;00:00;22
2018;7;18;02:00;22
2018;7;18;04:00;21
2018;7;18;06:00;23
2018;7;18;08:00;24
2018;7;18;10:00;25
2018;7;18;12:00;26
2018;7;18;14:00;27
2018;7;18;16:00;27
2018;7;18;18:00;25
2018;7;18;20:00;22
2018;7;18;22:00;20
2018;7;19;00:00;20
2018;7;19;02:00;20
2018;7;19;04:00;21
2018;7;19;06:00;22
2018;7;19;08:00;24
2018;7;19;10:00;25
2018;7;19;12:00;27
2018;7;19;14:00;27
2018;7;19;16:00;27
2018;7;19;18:00;25
2018;7;19;20:00;23
2018;7;19;22:00;21
2018;7;20;00:00;19
2018;7;20;02:00;19
2018;7;20;04:00;21
2018;7;20;06:00;23
2018;7;20;08:00;25
2018;7;20;10:00;27
2018;7;20;12:00;28
2018;7;20;14:00;27
2018;7;20;16:00;24
2018;7;20;18:00;23
2018;7;20;20:00;21
2018;7;20;22:00;21
2018;7;21;00:00;20
2018;7;21;02:00;19
2018;7;21;04:00;20
2018;7;21;06:00;20
2018;7;21;08:00;20
2018;7;21;10:00;20
2018;7;21;12:00;22
2018;7;21;14:00;23
2018;7;21;16:00;22
2018;7;21;18:00;20
2018;7;21;20:00;20
2018;7;21;22:00;20
2018;7;22;00:00;19
2018;7;22;02:00;19
2018;7;22;04:00;19
2018;7;22;06:00;21
2018;7;22;08:00;22
2018;7;22;10:00;25
2018;7;22;12:00;26
2018;7;22;14:00;27
2018;7;22;16:00;25
2018;7;22;18:00;24
2018;7;22;20:00;21
2018;7;22;22:00;18
2018;7;23;00:00;18
2018;7;23;02:00;16
2018;7;23;04:00;17
2018;7;23;06:00;22
2018;7;23;08:00;25
2018;7;23;10:00;26
2018;7;23;12:00;26
2018;7;23;14:00;28
2018;7;23;16:00;27
2018;7;23;18:00;25
2018;7;23;20:00;22
2018;7;23;22:00;19
2018;7;24;00:00;20
2018;7;24;02:00;18
2018;7;24;04:00;21
2018;7;24;06:00;23
2018;7;24;08:00;26
2018;7;24;10:00;26
2018;7;24;12:00;22
2018;7;24;14:00;22
2018;7;24;16:00;25
2018;7;24;18:00;24
2018;7;24;20:00;21
2018;7;24;22:00;20
2018;7;25;00:00;20
2018;7;25;02:00;19
2018;7;25;04:00;21
2018;7;25;06:00;24
2018;7;25;08:00;26
2018;7;25;10:00;27
2018;7;25;12:00;28
2018;7;25;14:00;28
2018;7;25;16:00;26
2018;7;25;18:00;24
2018;7;25;20:00;21
2018;7;25;22:00;19
2018;7;26;00:00;18
2018;7;26;02:00;17
2018;7;26;04:00;19
2018;7;26;06:00;22
2018;7;26;08:00;23
2018;7;26;10:00;24
2018;7;26;12:00;26
2018;7;26;14:00;27
2018;7;26;16:00;27
2018;7;26;18:00;25
2018;7;26;20:00;23
2018;7;26;22:00;19
2018;7;27;00:00;18
2018;7;27;02:00;16
2018;7;27;04:00;20
2018;7;27;06:00;23
2018;7;27;08:00;25
2018;7;27;10:00;27
2018;7;27;12:00;27
2018;7;27;14:00;28
2018;7;27;16:00;28
2018;7;27;18:00;26
2018;7;27;20:00;24
2018;7;27;22:00;23
2018;7;28;00:00;21
2018;7;28;02:00;20
2018;7;28;04:00;20
2018;7;28;06:00;20
2018;7;28;08:00;22
2018;7;28;10:00;24
2018;7;28;12:00;26
2018;7;28;14:00;26
2018;7;28;16:00;26
2018;7;28;18:00;24
2018;7;28;20:00;22
2018;7;28;22:00;21
2018;7;29;00:00;19
2018;7;29;02:00;18
2018;7;29;04:00;19
2018;7;29;06:00;21
2018;7;29;08:00;24
2018;7;29;10:00;24
2018;7;29;12:00;25
2018;7;29;14:00;25
2018;7;29;16:00;25
2018;7;29;18:00;22
2018;7;29;20:00;20
2018;7;29;22:00;19
2018;7;30;00:00;18
2018;7;30;02:00;17
2018;7;30;04:00;18
2018;7;30;06:00;22
2018;7;30;08:00;25
2018;7;30;10:00;27
2018;7;30;12:00;28
2018;7;30;14:00;29
2018;7;30;16:00;27
2018;7;30;18:00;24
2018;7;30;20:00;21
2018;7;30;22:00;19
2018;7;31;00:00;17
2018;7;31;02:00;16
2018;7;31;04:00;18
2018;7;31;06:00;22
2018;7;31;08:00;25
2018;7;31;10:00;27
2018;7;31;12:00;29
2018;7;31;14:00;29
2018;7;31;16:00;28
2018;7;31;18:00;25
2018;7;31;20:00;19
2018;7;31;22:00;20
2018;8;1;00:00;18
2018;8;1;02:00;18
2018;8;1;04:00;19
2018;8;1;06:00;23
2018;8;1;08:00;27
2018;8;1;10:00;29
2018;8;1;12:00;29
2018;8;1;14:00;29
2018;8;1;16:00;28
2018;8;1;18:00;26
2018;8;1;20:00;22
2018;8;1;22:00;21
2018;8;2;00:00;20
2018;8;2;02:00;19
2018;8;2;04:00;21
2018;8;2;06:00;24
2018;8;2;08:00;29
2018;8;2;10:00;31
2018;8;2;12:00;32
2018;8;2;14:00;27
2018;8;2;16:00;24
2018;8;2;18:00;23
2018;8;2;20:00;21
2018;8;2;22:00;21
2018;8;3;00:00;21
2018;8;3;02:00;19
2018;8;3;04:00;21
2018;8;3;06:00;23
2018;8;3;08:00;26
2018;8;3;10:00;29
2018;8;3;12:00;29
2018;8;3;14:00;27
2018;8;3;16:00;26
2018;8;3;18:00;24
2018;8;3;20:00;22
2018;8;3;22:00;21
2018;8;4;00:00;20
2018;8;4;02:00;19
2018;8;4;04:00;19
2018;8;4;06:00;21
2018;8;4;08:00;22
2018;8;4;10:00;24
2018;8;4;12:00;24
2018;8;4;14:00;23
2018;8;4;16:00;21
2018;8;4;18:00;18
2018;8;4;20:00;17
2018;8;4;22:00;18
2018;8;5;00:00;18
2018;8;5;02:00;17
2018;8;5;04:00;16
2018;8;5;06:00;17
2018;8;5;08:00;19
2018;8;5;10:00;16
2018;8;5;12:00;20
2018;8;5;14:00;21
2018;8;5;16:00;22
2018;8;5;18:00;20
2018;8;5;20:00;19
2018;8;5;22:00;17
2018;8;6;00:00;17
2018;8;6;02:00;16
2018;8;6;04:00;16
2018;8;6;06:00;18
2018;8;6;08:00;19
2018;8;6;10:00;19
2018;8;6;12:00;21
2018;8;6;14:00;20
2018;8;6;16:00;15
2018;8;6;18:00;15
2018;8;6;20:00;13
2018;8;6;22:00;13
2018;8;7;00:00;13
2018;8;7;02:00;14
2018;8;7;04:00;14
2018;8;7;06:00;15
2018;8;7;08:00;18
2018;8;7;10:00;19
2018;8;7;12:00;20
2018;8;7;14:00;21
2018;8;7;16:00;20
2018;8;7;18:00;18
2018;8;7;20:00;13
2018;8;7;22:00;13
2018;8;8;00:00;12
2018;8;8;02:00;12
2018;8;8;04:00;15
2018;8;8;06:00;18
2018;8;8;08:00;21
2018;8;8;10:00;22
2018;8;8;12:00;23
2018;8;8;14:00;24
2018;8;8;16:00;24
2018;8;8;18:00;20
2018;8;8;20:00;18
2018;8;8;22:00;15
2018;8;9;00:00;12
2018;8;9;02:00;14
2018;8;9;04:00;16
2018;8;9;06:00;21
2018;8;9;08:00;25
2018;8;9;10:00;27
2018;8;9;12:00;26
2018;8;9;14:00;27
2018;8;9;16:00;26
2018;8;9;18:00;24
2018;8;9;20:00;22
2018;8;9;22:00;21
2018;8;10;00:00;20
2018;8;10;02:00;20
2018;8;10;04:00;20
2018;8;10;06:00;23
2018;8;10;08:00;27
2018;8;10;10:00;29
2018;8;10;12:00;29
2018;8;10;14:00;29
2018;8;10;16:00;27
2018;8;10;18:00;25
2018;8;10;20:00;23
2018;8;10;22:00;22
2018;8;11;00:00;21
2018;8;11;02:00;21
2018;8;11;04:00;20
2018;8;11;06:00;21
2018;8;11;08:00;22
2018;8;11;10:00;24
2018;8;11;12:00;24
2018;8;11;14:00;24
2018;8;11;16:00;21
2018;8;11;18:00;20
2018;8;11;20:00;18
2018;8;11;22:00;17
2018;8;12;00:00;15
2018;8;12;02:00;14
2018;8;12;04:00;14
2018;8;12;06:00;16
2018;8;12;08:00;18
2018;8;12;10:00;18
2018;8;12;12:00;15
2018;8;12;14:00;17
2018;8;12;16:00;17
2018;8;12;18:00;15
2018;8;12;20:00;13
2018;8;12;22:00;13
2018;8;13;00:00;14
2018;8;13;02:00;12
2018;8;13;04:00;12
2018;8;13;06:00;14
2018;8;13;08:00;16
2018;8;13;10:00;17
2018;8;13;12:00;17
2018;8;13;14:00;18
2018;8;13;16:00;17
2018;8;13;18:00;16
2018;8;13;20:00;15
2018;8;13;22:00;14
2018;8;14;00:00;12
2018;8;14;02:00;12
2018;8;14;04:00;13
2018;8;14;06:00;15
2018;8;14;08:00;17
2018;8;14;10:00;17
2018;8;14;12:00;19
2018;8;14;14:00;19
2018;8;14;16:00;18
2018;8;14;18:00;16
2018;8;14;20:00;14
2018;8;14;22:00;14
2018;8;15;00:00;13
2018;8;15;02:00;12
2018;8;15;04:00;14
2018;8;15;06:00;16
2018;8;15;08:00;19
2018;8;15;10:00;20
2018;8;15;12:00;20
2018;8;15;14:00;19
2018;8;15;16:00;19
2018;8;15;18:00;16
2018;8;15;20:00;14
2018;8;15;22:00;14
2018;8;16;00:00;12
2018;8;16;02:00;10
2018;8;16;04:00;14
2018;8;16;06:00;17
2018;8;16;08:00;20
2018;8;16;10:00;20
2018;8;16;12:00;22
2018;8;16;14:00;22
2018;8;16;16:00;21
2018;8;16;18:00;18
2018;8;16;20:00;15
2018;8;16;22:00;14
2018;8;17;00:00;14
2018;8;17;02:00;15
2018;8;17;04:00;15
2018;8;17;06:00;19
2018;8;17;08:00;20
2018;8;17;10:00;22
2018;8;17;12:00;22
2018;8;17;14:00;22
2018;8;17;16:00;22
2018;8;17;18:00;19
2018;8;17;20:00;18
2018;8;17;22:00;18
2018;8;18;00:00;17
2018;8;18;02:00;17
2018;8;18;04:00;17
2018;8;18;06:00;19
2018;8;18;08:00;22
2018;8;18;10:00;24
2018;8;18;12:00;24
2018;8;18;14:00;24
2018;8;18;16:00;23
2018;8;18;18:00;21
2018;8;18;20:00;20
2018;8;18;22:00;18
2018;8;19;00:00;17
2018;8;19;02:00;15
2018;8;19;04:00;16
2018;8;19;06:00;16
2018;8;19;08:00;15
2018;8;19;10:00;16
2018;8;19;12:00;17
2018;8;19;14:00;20
2018;8;19;16:00;18
2018;8;19;18:00;15
2018;8;19;20:00;13
2018;8;19;22:00;12
2018;8;20;00:00;13
2018;8;20;02:00;10
2018;8;20;04:00;11
2018;8;20;06:00;14
2018;8;20;08:00;18
2018;8;20;10:00;19
2018;8;20;12:00;19
2018;8;20;14:00;18
2018;8;20;16:00;17
2018;8;20;18:00;15
2018;8;20;20:00;13
2018;8;20;22:00;13
2018;8;21;00:00;13
2018;8;21;02:00;12
2018;8;21;04:00;12
2018;8;21;06:00;12
2018;8;21;08:00;13
2018;8;21;10:00;14
2018;8;21;12:00;12
2018;8;21;14:00;16
2018;8;21;16:00;15
2018;8;21;18:00;13
2018;8;21;20:00;12
2018;8;21;22:00;11
2018;8;22;00:00;10
2018;8;22;02:00;9
2018;8;22;04:00;9
2018;8;22;06:00;12
2018;8;22;08:00;15
2018;8;22;10:00;16
2018;8;22;12:00;17
2018;8;22;14:00;18
2018;8;22;16:00;17
2018;8;22;18:00;14
2018;8;22;20:00;13
2018;8;22;22:00;13
2018;8;23;00:00;14
2018;8;23;02:00;16
2018;8;23;04:00;16
2018;8;23;06:00;16
2018;8;23;08:00;17
2018;8;23;10:00;19
2018;8;23;12:00;20
2018;8;23;14:00;21
2018;8;23;16:00;17
2018;8;23;18:00;17
2018;8;23;20:00;17
2018;8;23;22:00;17
2018;8;24;00:00;16
2018;8;24;02:00;15
2018;8;24;04:00;15
2018;8;24;06:00;18
2018;8;24;08:00;21
2018;8;24;10:00;23
2018;8;24;12:00;23
2018;8;24;14:00;24
2018;8;24;16:00;22
2018;8;24;18:00;20
2018;8;24;20:00;19
2018;8;24;22:00;20
2018;8;25;00:00;19
2018;8;25;02:00;18
2018;8;25;04:00;18
2018;8;25;06:00;17
2018;8;25;08:00;18
2018;8;25;10:00;19
2018;8;25;12:00;21
2018;8;25;14:00;19
2018;8;25;16:00;17
2018;8;25;18:00;15
2018;8;25;20:00;14
2018;8;25;22:00;13
2018;8;26;00:00;13
2018;8;26;02:00;12
2018;8;26;04:00;12
2018;8;26;06:00;13
2018;8;26;08:00;16
2018;8;26;10:00;17
2018;8;26;12:00;18
2018;8;26;14:00;17
2018;8;26;16:00;16
2018;8;26;18:00;14
2018;8;26;20:00;14
2018;8;26;22:00;13
2018;8;27;00:00;11
2018;8;27;02:00;11
2018;8;27;04:00;11
2018;8;27;06:00;12
2018;8;27;08:00;15
2018;8;27;10:00;16
2018;8;27;12:00;17
2018;8;27;14:00;17
2018;8;27;16:00;16
2018;8;27;18:00;14
2018;8;27;20:00;13
2018;8;27;22:00;13
2018;8;28;00:00;11
2018;8;28;02:00;9
2018;8;28;04:00;9
2018;8;28;06:00;13
2018;8;28;08:00;17
2018;8;28;10:00;18
2018;8;28;12:00;19
2018;8;28;14:00;20
2018;8;28;16:00;18
2018;8;28;18:00;15
2018;8;28;20:00;14
2018;8;28;22:00;14
2018;8;29;00:00;12
2018;8;29;02:00;10
2018;8;29;04:00;12
2018;8;29;06:00;17
2018;8;29;08:00;19
2018;8;29;10:00;19
2018;8;29;12:00;20
2018;8;29;14:00;20
2018;8;29;16:00;19
2018;8;29;18:00;16
2018;8;29;20:00;16
2018;8;29;22:00;15
2018;8;30;00:00;14
2018;8;30;02:00;14
2018;8;30;04:00;14
2018;8;30;06:00;14
2018;8;30;08:00;15
2018;8;30;10:00;16
2018;8;30;12:00;17
2018;8;30;14:00;18
2018;8;30;16:00;17
2018;8;30;18:00;16
2018;8;30;20:00;15
2018;8;30;22:00;15
2018;8;31;00:00;13
2018;8;31;02:00;13
2018;8;31;04:00;13
2018;8;31;06:00;14
2018;8;31;08:00;15
2018;8;31;10:00;17
2018;8;31;12:00;19
2018;8;31;14:00;21
2018;8;31;16:00;18
2018;8;31;18:00;16
2018;8;31;20:00;14
2018;8;31;22:00;12
2018;9;1;00:00;12
2018;9;1;02:00;12
2018;9;1;04:00;13
2018;9;1;06:00;15
2018;9;1;08:00;17
2018;9;1;10:00;18
2018;9;1;12:00;19
2018;9;1;14:00;17
2018;9;1;16:00;16
2018;9;1;18:00;15
2018;9;1;20:00;14
2018;9;1;22:00;14
2018;9;2;00:00;14
2018;9;2;02:00;14
2018;9;2;04:00;14
2018;9;2;06:00;15
2018;9;2;08:00;16
2018;9;2;10:00;17
2018;9;2;12:00;20
2018;9;2;14:00;19
2018;9;2;16:00;19
2018;9;2;18:00;15
2018;9;2;20:00;14
2018;9;2;22:00;13
2018;9;3;00:00;12
2018;9;3;02:00;12
2018;9;3;04:00;12
2018;9;3;06:00;16
2018;9;3;08:00;19
2018;9;3;10:00;20
2018;9;3;12:00;20
2018;9;3;14:00;21
2018;9;3;16:00;20
2018;9;3;18:00;17
2018;9;3;20:00;15
2018;9;3;22:00;14
2018;9;4;00:00;14
2018;9;4;02:00;13
2018;9;4;04:00;13
2018;9;4;06:00;14
2018;9;4;08:00;14
2018;9;4;10:00;16
2018;9;4;12:00;19
2018;9;4;14:00;20
2018;9;4;16:00;18
2018;9;4;18:00;16
2018;9;4;20:00;15
2018;9;4;22:00;15
2018;9;5;00:00;16
2018;9;5;02:00;15
2018;9;5;04:00;16
2018;9;5;06:00;16
2018;9;5;08:00;17
2018;9;5;10:00;18
2018;9;5;12:00;18
2018;9;5;14:00;18
2018;9;5;16:00;18
2018;9;5;18:00;16
2018;9;5;20:00;15
2018;9;5;22:00;14
2018;9;6;00:00;14
2018;9;6;02:00;14
2018;9;6;04:00;15
2018;9;6;06:00;15
2018;9;6;08:00;16
2018;9;6;10:00;18
2018;9;6;12:00;18
2018;9;6;14:00;19
2018;9;6;16:00;18
2018;9;6;18:00;15
2018;9;6;20:00;15
2018;9;6;22:00;15
2018;9;7;00:00;16
2018;9;7;02:00;16
2018;9;7;04:00;16
2018;9;7;06:00;17
2018;9;7;08:00;19
2018;9;7;10:00;19
2018;9;7;12:00;19
2018;9;7;14:00;18
2018;9;7;16:00;17
2018;9;7;18:00;14
2018;9;7;20:00;14
2018;9;7;22:00;14
2018;9;8;00:00;14
2018;9;8;02:00;15
2018;9;8;04:00;15
2018;9;8;06:00;15
2018;9;8;08:00;18
2018;9;8;10:00;18
2018;9;8;12:00;21
2018;9;8;14:00;20
2018;9;8;16:00;18
2018;9;8;18:00;16
2018;9;8;20:00;15
2018;9;8;22:00;14
2018;9;9;00:00;13
2018;9;9;02:00;14
2018;9;9;04:00;13
2018;9;9;06:00;15
2018;9;9;08:00;15
2018;9;9;10:00;16
2018;9;9;12:00;18
2018;9;9;14:00;17
2018;9;9;16:00;15
2018;9;9;18:00;13
2018;9;9;20:00;11
2018;9;9;22:00;11
2018;9;10;00:00;11
2018;9;10;02:00;11
2018;9;10;04:00;11
2018;9;10;06:00;12
2018;9;10;08:00;13
2018;9;10;10:00;15
2018;9;10;12:00;18
2018;9;10;14:00;17
2018;9;10;16:00;15
2018;9;10;18:00;13
2018;9;10;20:00;12
2018;9;10;22:00;11
2018;9;11;00:00;11
2018;9;11;02:00;11
2018;9;11;04:00;11
2018;9;11;06:00;13
2018;9;11;08:00;15
2018;9;11;10:00;15
2018;9;11;12:00;15
2018;9;11;14:00;15
2018;9;11;16:00;13
2018;9;11;18:00;14
2018;9;11;20:00;14
2018;9;11;22:00;13
2018;9;12;00:00;13
2018;9;12;02:00;14
2018;9;12;04:00;14
2018;9;12;06:00;13
2018;9;12;08:00;14
2018;9;12;10:00;15
2018;9;12;12:00;16
2018;9;12;14:00;15
2018;9;12;16:00;14
2018;9;12;18:00;13
2018;9;12;20:00;11
2018;9;12;22:00;11
2018;9;13;00:00;11
2018;9;13;02:00;9
2018;9;13;04:00;10
2018;9;13;06:00;12
2018;9;13;08:00;13
2018;9;13;10:00;15
2018;9;13;12:00;15
2018;9;13;14:00;16
2018;9;13;16:00;14
2018;9;13;18:00;9
2018;9;13;20:00;9
2018;9;13;22:00;8
2018;9;14;00:00;7
2018;9;14;02:00;8
2018;9;14;04:00;7
2018;9;14;06:00;10
2018;9;14;08:00;14
2018;9;14;10:00;15
2018;9;14;12:00;15
2018;9;14;14:00;14
2018;9;14;16:00;13
2018;9;14;18:00;12
2018;9;14;20:00;11
2018;9;14;22:00;10
2018;9;15;00:00;9
2018;9;15;02:00;10
2018;9;15;04:00;10
2018;9;15;06:00;12
2018;9;15;08:00;14
2018;9;15;10:00;16
2018;9;15;12:00;15
2018;9;15;14:00;15
2018;9;15;16:00;14
2018;9;15;18:00;12
2018;9;15;20:00;11
2018;9;15;22:00;11
2018;9;16;00:00;11
2018;9;16;02:00;11
2018;9;16;04:00;11
2018;9;16;06:00;11
2018;9;16;08:00;13
2018;9;16;10:00;14
2018;9;16;12:00;14
2018;9;16;14:00;13
2018;9;16;16:00;11
2018;9;16;18:00;9
2018;9;16;20:00;8
2018;9;16;22:00;8
2018;9;17;00:00;5
2018;9;17;02:00;4
2018;9;17;04:00;5
2018;9;17;06:00;7
2018;9;17;08:00;10
2018;9;17;10:00;11
2018;9;17;12:00;11
2018;9;17;14:00;13
2018;9;17;16:00;13
2018;9;17;18:00;13
2018;9;17;20:00;12
2018;9;17;22:00;11
2018;9;18;00:00;10
2018;9;18;02:00;8
2018;9;18;04:00;8
2018;9;18;06:00;10
2018;9;18;08:00;13
2018;9;18;10:00;15
2018;9;18;12:00;15
2018;9;18;14:00;14
2018;9;18;16:00;12
2018;9;18;18:00;11
2018;9;18;20:00;11
2018;9;18;22:00;13
2018;9;19;00:00;14
2018;9;19;02:00;14
2018;9;19;04:00;13
2018;9;19;06:00;13
2018;9;19;08:00;15
2018;9;19;10:00;19
2018;9;19;12:00;20
2018;9;19;14:00;19
2018;9;19;16:00;18
2018;9;19;18:00;16
2018;9;19;20:00;14
2018;9;19;22:00;13
2018;9;20;00:00;13
2018;9;20;02:00;12
2018;9;20;04:00;11
2018;9;20;06:00;14
2018;9;20;08:00;16
2018;9;20;10:00;18
2018;9;20;12:00;19
2018;9;20;14:00;19
2018;9;20;16:00;17
2018;9;20;18:00;15
2018;9;20;20:00;14
2018;9;20;22:00;14
2018;9;21;00:00;14
2018;9;21;02:00;13
2018;9;21;04:00;11
2018;9;21;06:00;12
2018;9;21;08:00;13
2018;9;21;10:00;14
2018;9;21;12:00;16
2018;9;21;14:00;17
2018;9;21;16:00;16
2018;9;21;18:00;17
2018;9;21;20:00;19
2018;9;21;22:00;19
2018;9;22;00:00;19
2018;9;22;02:00;18
2018;9;22;04:00;18
2018;9;22;06:00;18
2018;9;22;08:00;13
2018;9;22;10:00;12
2018;9;22;12:00;14
2018;9;22;14:00;14
2018;9;22;16:00;11
2018;9;22;18:00;10
2018;9;22;20:00;9
2018;9;22;22:00;9
2018;9;23;00:00;9
2018;9;23;02:00;9
2018;9;23;04:00;9
2018;9;23;06:00;9
2018;9;23;08:00;10
2018;9;23;10:00;11
2018;9;23;12:00;13
2018;9;23;14:00;12
2018;9;23;16:00;10
2018;9;23;18:00;8
2018;9;23;20:00;8
2018;9;23;22:00;4
2018;9;24;00:00;5
2018;9;24;02:00;3
2018;9;24;04:00;2
2018;9;24;06:00;6
2018;9;24;08:00;9
2018;9;24;10:00;10
2018;9;24;12:00;10
2018;9;24;14:00;9
2018;9;24;16:00;7
2018;9;24;18:00;7
2018;9;24;20:00;7
2018;9;24;22:00;6
2018;9;25;00:00;6
2018;9;25;02:00;5
2018;9;25;04:00;4
2018;9;25;06:00;6
2018;9;25;08:00;7
2018;9;25;10:00;8
2018;9;25;12:00;8
2018;9;25;14:00;9
2018;9;25;16:00;6
2018;9;25;18:00;5
2018;9;25;20:00;4
2018;9;25;22:00;3
2018;9;26;00:00;2
2018;9;26;02:00;4
2018;9;26;04:00;5
2018;9;26;06:00;8
2018;9;26;08:00;10
2018;9;26;10:00;8
2018;9;26;12:00;9
2018;9;26;14:00;9
2018;9;26;16:00;9
2018;9;26;18:00;8
2018;9;26;20:00;7
2018;9;26;22:00;8
2018;9;27;00:00;7
2018;9;27;02:00;7
2018;9;27;04:00;7
2018;9;27;06:00;7
2018;9;27;08:00;8
2018;9;27;10:00;8
2018;9;27;12:00;9
2018;9;27;14:00;9
2018;9;27;16:00;8
2018;9;27;18:00;7
2018;9;27;20:00;6
2018;9;27;22:00;4
2018;9;28;00:00;4
2018;9;28;02:00;5
2018;9;28;04:00;5
2018;9;28;06:00;5
2018;9;28;08:00;6
2018;9;28;10:00;7
2018;9;28;12:00;7
2018;9;28;14:00;7
2018;9;28;16:00;6
2018;9;28;18:00;5
2018;9;28;20:00;4
2018;9;28;22:00;2
2018;9;29;00:00;1
2018;9;29;02:00;1
2018;9;29;04:00;-2
2018;9;29;06:00;2
2018;9;29;08:00;6
2018;9;29;10:00;7
2018;9;29;12:00;8
2018;9;29;14:00;8
2018;9;29;16:00;5
2018;9;29;18:00;5
2018;9;29;20:00;6
2018;9;29;22:00;4
2018;9;30;00:00;5
2018;9;30;02:00;7
2018;9;30;04:00;8
2018;9;30;06:00;8
2018;9;30;08:00;9
2018;9;30;10:00;11
2018;9;30;12:00;11
2018;9;30;14:00;11
2018;9;30;16:00;10
2018;9;30;18:00;8
2018;9;30;20:00;7
2018;9;30;22:00;6
2018;10;1;00:00;4
2018;10;1;02:00;5
2018;10;1;04:00;6
2018;10;1;06:00;8
2018;10;1;08:00;10
2018;10;1;10:00;13
2018;10;1;12:00;13
2018;10;1;14:00;12
2018;10;1;16:00;9
2018;10;1;18:00;9
2018;10;1;20:00;7
2018;10;1;22:00;7
2018;10;2;00:00;7
2018;10;2;02:00;7
2018;10;2;04:00;7
2018;10;2;06:00;7
2018;10;2;08:00;7
2018;10;2;10:00;9
2018;10;2;12:00;9
2018;10;2;14:00;9
2018;10;2;16:00;5
2018;10;2;18:00;4
2018;10;2;20:00;4
2018;10;2;22:00;5
2018;10;3;00:00;5
2018;10;3;02:00;5
2018;10;3;04:00;4
2018;10;3;06:00;4
2018;10;3;08:00;7
2018;10;3;10:00;7
2018;10;3;12:00;7
2018;10;3;14:00;6
2018;10;3;16:00;6
2018;10;3;18:00;5
2018;10;3;20:00;5
2018;10;3;22:00;5
2018;10;4;00:00;3
2018;10;4;02:00;3
2018;10;4;04:00;2
2018;10;4;06:00;2
2018;10;4;08:00;3
2018;10;4;10:00;3
2018;10;4;12:00;3
2018;10;4;14:00;4
2018;10;4;16:00;2
2018;10;4;18:00;0
2018;10;4;20:00;0
2018;10;4;22:00;-1
2018;10;5;00:00;-4
2018;10;5;02:00;-3
2018;10;5;04:00;-2
2018;10;5;06:00;-1
2018;10;5;08:00;4
2018;10;5;10:00;6
2018;10;5;12:00;8
2018;10;5;14:00;11
2018;10;5;16:00;9
2018;10;5;18:00;7
2018;10;5;20:00;6
2018;10;5;22:00;4
2018;10;6;00:00;3
2018;10;6;02:00;4
2018;10;6;04:00;5
2018;10;6;06:00;5
2018;10;6;08:00;7
2018;10;6;10:00;9
2018;10;6;12:00;11
2018;10;6;14:00;10
2018;10;6;16:00;7
2018;10;6;18:00;6
2018;10;6;20:00;7
2018;10;6;22:00;6
2018;10;7;00:00;4
2018;10;7;02:00;3
2018;10;7;04:00;3
2018;10;7;06:00;4
2018;10;7;08:00;5
2018;10;7;10:00;6
2018;10;7;12:00;5
2018;10;7;14:00;5
2018;10;7;16:00;4
2018;10;7;18:00;3
2018;10;7;20:00;1
2018;10;7;22:00;-1
2018;10;8;00:00;-2
2018;10;8;02:00;-1
2018;10;8;04:00;-1
2018;10;8;06:00;-3
2018;10;8;08:00;2
2018;10;8;10:00;6
2018;10;8;12:00;6
2018;10;8;14:00;8
2018;10;8;16:00;6
2018;10;8;18:00;7
2018;10;8;20:00;8
2018;10;8;22:00;8
2018;10;9;00:00;9
2018;10;9;02:00;9
2018;10;9;04:00;9
2018;10;9;06:00;10
2018;10;9;08:00;10
2018;10;9;10:00;11
2018;10;9;12:00;12
2018;10;9;14:00;12
2018;10;9;16:00;11
2018;10;9;18:00;11
2018;10;9;20:00;12
2018;10;9;22:00;11
2018;10;10;00:00;11
2018;10;10;02:00;11
2018;10;10;04:00;11
2018;10;10;06:00;11
2018;10;10;08:00;12
2018;10;10;10:00;13
2018;10;10;12:00;14
2018;10;10;14:00;13
2018;10;10;16:00;9
2018;10;10;18:00;8
2018;10;10;20:00;6
2018;10;10;22:00;7
2018;10;11;00:00;6
2018;10;11;02:00;5
2018;10;11;04:00;2
2018;10;11;06:00;4
2018;10;11;08:00;9
2018;10;11;10:00;13
2018;10;11;12:00;15
2018;10;11;14:00;14
2018;10;11;16:00;10
2018;10;11;18:00;8
2018;10;11;20:00;7
2018;10;11;22:00;8
2018;10;12;00:00;9
2018;10;12;02:00;9
2018;10;12;04:00;9
2018;10;12;06:00;9
2018;10;12;08:00;10
2018;10;12;10:00;11
2018;10;12;12:00;13
2018;10;12;14:00;12
2018;10;12;16:00;9
2018;10;12;18:00;10
2018;10;12;20:00;10
2018;10;12;22:00;11
2018;10;13;00:00;11
2018;10;13;02:00;10
2018;10;13;04:00;10
2018;10;13;06:00;10
2018;10;13;08:00;11
2018;10;13;10:00;13
2018;10;13;12:00;13
2018;10;13;14:00;13
2018;10;13;16:00;12
2018;10;13;18:00;11
2018;10;13;20:00;11
2018;10;13;22:00;11
2018;10;14;00:00;11
2018;10;14;02:00;11
2018;10;14;04:00;11
2018;10;14;06:00;11
2018;10;14;08:00;13
2018;10;14;10:00;17
2018;10;14;12:00;19
2018;10;14;14:00;17
2018;10;14;16:00;13
2018;10;14;18:00;12
2018;10;14;20:00;11
2018;10;14;22:00;10
2018;10;15;00:00;10
2018;10;15;02:00;10
2018;10;15;04:00;9
2018;10;15;06:00;10
2018;10;15;08:00;12
2018;10;15;10:00;15
2018;10;15;12:00;16
2018;10;15;14:00;14
2018;10;15;16:00;12
2018;10;15;18:00;11
2018;10;15;20:00;10
2018;10;15;22:00;10
2018;10;16;00:00;10
2018;10;16;02:00;10
2018;10;16;04:00;9
2018;10;16;06:00;10
2018;10;16;08:00;11
2018;10;16;10:00;11
2018;10;16;12:00;11
2018;10;16;14:00;11
2018;10;16;16:00;10
2018;10;16;18:00;8
2018;10;16;20:00;8
2018;10;16;22:00;6
2018;10;17;00:00;6
2018;10;17;02:00;6
2018;10;17;04:00;7
2018;10;17;06:00;7
2018;10;17;08:00;8
2018;10;17;10:00;10
2018;10;17;12:00;10
2018;10;17;14:00;10
2018;10;17;16:00;10
2018;10;17;18:00;9
2018;10;17;20:00;9
2018;10;17;22:00;10
2018;10;18;00:00;10
2018;10;18;02:00;10
2018;10;18;04:00;10
2018;10;18;06:00;10
2018;10;18;08:00;11
2018;10;18;10:00;12
2018;10;18;12:00;12
2018;10;18;14:00;11
2018;10;18;16:00;11
2018;10;18;18:00;11
2018;10;18;20:00;8
2018;10;18;22:00;6
2018;10;19;00:00;5
2018;10;19;02:00;4
2018;10;19;04:00;4
2018;10;19;06:00;4
2018;10;19;08:00;6
2018;10;19;10:00;8
2018;10;19;12:00;9
2018;10;19;14:00;8
2018;10;19;16:00;6
2018;10;19;18:00;5
2018;10;19;20:00;4
2018;10;19;22:00;1
2018;10;20;00:00;1
2018;10;20;02:00;2
2018;10;20;04:00;3
2018;10;20;06:00;3
2018;10;20;08:00;5
2018;10;20;10:00;6
2018;10;20;12:00;7
2018;10;20;14:00;5
2018;10;20;16:00;3
2018;10;20;18:00;4
2018;10;20;20:00;4
2018;10;20;22:00;4
2018;10;21;00:00;4
2018;10;21;02:00;4
2018;10;21;04:00;3
2018;10;21;06:00;2
2018;10;21;08:00;4
2018;10;21;10:00;9
2018;10;21;12:00;10
2018;10;21;14:00;8
2018;10;21;16:00;8
2018;10;21;18:00;9
2018;10;21;20:00;9
2018;10;21;22:00;9
2018;10;22;00:00;9
2018;10;22;02:00;10
2018;10;22;04:00;11
2018;10;22;06:00;11
2018;10;22;08:00;8
2018;10;22;10:00;7
2018;10;22;12:00;8
2018;10;22;14:00;8
2018;10;22;16:00;4
2018;10;22;18:00;3
2018;10;22;20:00;2
2018;10;22;22:00;2
2018;10;23;00:00;1
2018;10;23;02:00;1
2018;10;23;04:00;0
2018;10;23;06:00;0
2018;10;23;08:00;3
2018;10;23;10:00;3
2018;10;23;12:00;5
2018;10;23;14:00;5
2018;10;23;16:00;4
2018;10;23;18:00;4
2018;10;23;20:00;4
2018;10;23;22:00;3
2018;10;24;00:00;4
2018;10;24;02:00;4
2018;10;24;04:00;4
2018;10;24;06:00;4
2018;10;24;08:00;5
2018;10;24;10:00;4
2018;10;24;12:00;4
2018;10;24;14:00;4
2018;10;24;16:00;4
2018;10;24;18:00;3
2018;10;24;20:00;2
2018;10;24;22:00;2
2018;10;25;00:00;1
2018;10;25;02:00;0
2018;10;25;04:00;-1
2018;10;25;06:00;-1
2018;10;25;08:00;0
2018;10;25;10:00;1
2018;10;25;12:00;2
2018;10;25;14:00;1
2018;10;25;16:00;-1
2018;10;25;18:00;-2
2018;10;25;20:00;-2
2018;10;25;22:00;-2
2018;10;26;00:00;0
2018;10;26;02:00;0
2018;10;26;04:00;1
2018;10;26;06:00;0
2018;10;26;08:00;2
2018;10;26;10:00;2
2018;10;26;12:00;3
2018;10;26;14:00;2
2018;10;26;16:00;1
2018;10;26;18:00;2
2018;10;26;20:00;1
2018;10;26;22:00;-1
2018;10;27;00:00;1
2018;10;27;02:00;1
2018;10;27;04:00;-1
2018;10;27;06:00;-1
2018;10;27;08:00;1
2018;10;27;10:00;2
2018;10;27;12:00;2
2018;10;27;14:00;1
2018;10;27;16:00;1
2018;10;27;18:00;1
2018;10;27;20:00;1
2018;10;27;22:00;0
2018;10;28;00:00;0
2018;10;28;02:00;0
2018;10;28;04:00;0
2018;10;28;06:00;-1
2018;10;28;08:00;0
2018;10;28;10:00;1
2018;10;28;12:00;0
2018;10;28;14:00;0
2018;10;28;16:00;0
2018;10;28;18:00;-1
2018;10;28;20:00;-1
2018;10;28;22:00;-2
2018;10;29;00:00;-3
2018;10;29;02:00;-4
2018;10;29;04:00;-4
2018;10;29;06:00;-5
2018;10;29;08:00;-2
2018;10;29;10:00;-1
2018;10;29;12:00;0
2018;10;29;14:00;-1
2018;10;29;16:00;-2
2018;10;29;18:00;-3
2018;10;29;20:00;-3
2018;10;29;22:00;-4
2018;10;30;00:00;-4
2018;10;30;02:00;-3
2018;10;30;04:00;-3
2018;10;30;06:00;-2
2018;10;30;08:00;0
2018;10;30;10:00;1
2018;10;30;12:00;2
2018;10;30;14:00;1
2018;10;30;16:00;1
2018;10;30;18:00;1
2018;10;30;20:00;0
2018;10;30;22:00;0
2018;10;31;00:00;1
2018;10;31;02:00;1
2018;10;31;04:00;2
2018;10;31;06:00;2
2018;10;31;08:00;2
2018;10;31;10:00;4
2018;10;31;12:00;4
2018;10;31;14:00;4
2018;10;31;16:00;5
2018;10;31;18:00;7
2018;10;31;20:00;8
2018;10;31;22:00;9
2018;11;1;00:00;8
2018;11;1;02:00;8
2018;11;1;04:00;7
2018;11;1;06:00;8
2018;11;1;08:00;8
2018;11;1;10:00;8
2018;11;1;12:00;8
2018;11;1;14:00;8
2018;11;1;16:00;6
2018;11;1;18:00;6
2018;11;1;20:00;5
2018;11;1;22:00;4
2018;11;2;00:00;3
2018;11;2;02:00;3
2018;11;2;04:00;3
2018;11;2;06:00;4
2018;11;2;08:00;4
2018;11;2;10:00;6
2018;11;2;12:00;7
2018;11;2;14:00;7
2018;11;2;16:00;7
2018;11;2;18:00;7
2018;11;2;20:00;8
2018;11;2;22:00;8
2018;11;3;00:00;9
2018;11;3;02:00;8
2018;11;3;04:00;8
2018;11;3;06:00;8
2018;11;3;08:00;8
2018;11;3;10:00;9
2018;11;3;12:00;9
2018;11;3;14:00;9
2018;11;3;16:00;8
2018;11;3;18:00;5
2018;11;3;20:00;4
2018;11;3;22:00;3
2018;11;4;00:00;2
2018;11;4;02:00;1
2018;11;4;04:00;1
2018;11;4;06:00;0
2018;11;4;08:00;0
2018;11;4;10:00;0
2018;11;4;12:00;2
2018;11;4;14:00;4
2018;11;4;16:00;5
2018;11;4;18:00;5
2018;11;4;20:00;6
2018;11;4;22:00;5
2018;11;5;00:00;5
2018;11;5;02:00;4
2018;11;5;04:00;5
2018;11;5;06:00;4
2018;11;5;08:00;5
2018;11;5;10:00;6
2018;11;5;12:00;6
2018;11;5;14:00;6
2018;11;5;16:00;5
2018;11;5;18:00;5
2018;11;5;20:00;5
2018;11;5;22:00;5
2018;11;6;00:00;5
2018;11;6;02:00;4
2018;11;6;04:00;4
2018;11;6;06:00;4
2018;11;6;08:00;4
2018;11;6;10:00;4
2018;11;6;12:00;5
2018;11;6;14:00;5
2018;11;6;16:00;4
2018;11;6;18:00;4
2018;11;6;20:00;4
2018;11;6;22:00;4
2018;11;7;00:00;6
2018;11;7;02:00;6
2018;11;7;04:00;6
2018;11;7;06:00;6
2018;11;7;08:00;6
2018;11;7;10:00;7
2018;11;7;12:00;8
2018;11;7;14:00;8
2018;11;7;16:00;7
2018;11;7;18:00;7
2018;11;7;20:00;7
2018;11;7;22:00;7
2018;11;8;00:00;7
2018;11;8;02:00;7
2018;11;8;04:00;7
2018;11;8;06:00;7
2018;11;8;08:00;7
2018;11;8;10:00;6
2018;11;8;12:00;6
2018;11;8;14:00;6
2018;11;8;16:00;6
2018;11;8;18:00;5
2018;11;8;20:00;5
2018;11;8;22:00;5
2018;11;9;00:00;5
2018;11;9;02:00;4
2018;11;9;04:00;4
2018;11;9;06:00;4
2018;11;9;08:00;4
2018;11;9;10:00;4
2018;11;9;12:00;4
2018;11;9;14:00;4
2018;11;9;16:00;3
2018;11;9;18:00;3
2018;11;9;20:00;3
2018;11;9;22:00;3
2018;11;10;00:00;2
2018;11;10;02:00;3
2018;11;10;04:00;3
2018;11;10;06:00;3
2018;11;10;08:00;3
2018;11;10;10:00;3
2018;11;10;12:00;3
2018;11;10;14:00;2
2018;11;10;16:00;2
2018;11;10;18:00;2
2018;11;10;20:00;3
2018;11;10;22:00;3
2018;11;11;00:00;3
2018;11;11;02:00;2
2018;11;11;04:00;2
2018;11;11;06:00;2
2018;11;11;08:00;3
2018;11;11;10:00;3
2018;11;11;12:00;3
2018;11;11;14:00;3
2018;11;11;16:00;3
2018;11;11;18:00;3
2018;11;11;20:00;4
2018;11;11;22:00;4
2018;11;12;00:00;4
2018;11;12;02:00;4
2018;11;12;04:00;4
2018;11;12;06:00;4
2018;11;12;08:00;4
2018;11;12;10:00;2
2018;11;12;12:00;2
2018;11;12;14:00;2
2018;11;12;16:00;2
2018;11;12;18:00;2
2018;11;12;20:00;3
2018;11;12;22:00;3
2018;11;13;00:00;4
2018;11;13;02:00;4
2018;11;13;04:00;4
2018;11;13;06:00;3
2018;11;13;08:00;3
2018;11;13;10:00;4
2018;11;13;12:00;5
2018;11;13;14:00;6
2018;11;13;16:00;6
2018;11;13;18:00;5
2018;11;13;20:00;4
2018;11;13;22:00;4
2018;11;14;00:00;4
2018;11;14;02:00;4
2018;11;14;04:00;5
2018;11;14;06:00;5
2018;11;14;08:00;5
2018;11;14;10:00;5
2018;11;14;12:00;6
2018;11;14;14:00;5
2018;11;14;16:00;5
2018;11;14;18:00;5
2018;11;14;20:00;5
2018;11;14;22:00;5
2018;11;15;00:00;5
2018;11;15;02:00;5
2018;11;15;04:00;4
2018;11;15;06:00;4
2018;11;15;08:00;4
2018;11;15;10:00;4
2018;11;15;12:00;6
2018;11;15;14:00;6
2018;11;15;16:00;6
2018;11;15;18:00;7
2018;11;15;20:00;6
2018;11;15;22:00;7
2018;11;16;00:00;7
2018;11;16;02:00;7
2018;11;16;04:00;7
2018;11;16;06:00;7
2018;11;16;08:00;7
2018;11;16;10:00;8
2018;11;16;12:00;8
2018;11;16;14:00;8
2018;11;16;16:00;8
2018;11;16;18:00;8
2018;11;16;20:00;8
2018;11;16;22:00;7
2018;11;17;00:00;7
2018;11;17;02:00;6
2018;11;17;04:00;6
2018;11;17;06:00;6
2018;11;17;08:00;6
2018;11;17;10:00;7
2018;11;17;12:00;6
2018;11;17;14:00;6
2018;11;17;16:00;5
2018;11;17;18:00;4
2018;11;17;20:00;4
2018;11;17;22:00;5
2018;11;18;00:00;5
2018;11;18;02:00;6
2018;11;18;04:00;5
2018;11;18;06:00;5
2018;11;18;08:00;4
2018;11;18;10:00;3
2018;11;18;12:00;3
2018;11;18;14:00;2
2018;11;18;16:00;2
2018;11;18;18:00;1
2018;11;18;20:00;1
2018;11;18;22:00;1
2018;11;19;00:00;0
2018;11;19;02:00;0
2018;11;19;04:00;0
2018;11;19;06:00;0
2018;11;19;08:00;0
2018;11;19;10:00;0
2018;11;19;12:00;-1
2018;11;19;14:00;-3
2018;11;19;16:00;-4
2018;11;19;18:00;-4
2018;11;19;20:00;-4
2018;11;19;22:00;-5
2018;11;20;00:00;-4
2018;11;20;02:00;-6
2018;11;20;04:00;-6
2018;11;20;06:00;-6
2018;11;20;08:00;-4
2018;11;20;10:00;-3
2018;11;20;12:00;-2
2018;11;20;14:00;-1
2018;11;20;16:00;0
2018;11;20;18:00;1
2018;11;20;20:00;1
2018;11;20;22:00;0
2018;11;21;00:00;-1
2018;11;21;02:00;-2
2018;11;21;04:00;-2
2018;11;21;06:00;-1
2018;11;21;08:00;-2
2018;11;21;10:00;-1
2018;11;21;12:00;-1
2018;11;21;14:00;-3
2018;11;21;16:00;-3
2018;11;21;18:00;-3
2018;11;21;20:00;-2
2018;11;21;22:00;-1
2018;11;22;00:00;-1
2018;11;22;02:00;-1
2018;11;22;04:00;-1
2018;11;22;06:00;-1
2018;11;22;08:00;-1
2018;11;22;10:00;0
2018;11;22;12:00;0
2018;11;22;14:00;0
2018;11;22;16:00;0
2018;11;22;18:00;0
2018;11;22;20:00;0
2018;11;22;22:00;0
2018;11;23;00:00;-1
2018;11;23;02:00;-1
2018;11;23;04:00;-2
2018;11;23;06:00;-2
2018;11;23;08:00;-3
2018;11;23;10:00;-3
2018;11;23;12:00;-2
2018;11;23;14:00;-2
2018;11;23;16:00;-1
2018;11;23;18:00;0
2018;11;23;20:00;0
2018;11;23;22:00;0
2018;11;24;00:00;0
2018;11;24;02:00;0
2018;11;24;04:00;-2
2018;11;24;06:00;-2
2018;11;24;08:00;-2
2018;11;24;10:00;-1
2018;11;24;12:00;0
2018;11;24;14:00;0
2018;11;24;16:00;0
2018;11;24;18:00;-1
2018;11;24;20:00;-2
2018;11;24;22:00;-4
2018;11;25;00:00;-4
2018;11;25;02:00;-5
2018;11;25;04:00;-2
2018;11;25;06:00;-2
2018;11;25;08:00;-1
2018;11;25;10:00;-1
2018;11;25;12:00;-1
2018;11;25;14:00;-3
2018;11;25;16:00;-4
2018;11;25;18:00;-4
2018;11;25;20:00;-5
2018;11;25;22:00;-6
2018;11;26;00:00;-6
2018;11;26;02:00;-5
2018;11;26;04:00;-6
2018;11;26;06:00;-5
2018;11;26;08:00;-5
2018;11;26;10:00;-4
2018;11;26;12:00;-4
2018;11;26;14:00;-4
2018;11;26;16:00;-3
2018;11;26;18:00;-3
2018;11;26;20:00;-3
2018;11;26;22:00;-3
2018;11;27;00:00;-3
2018;11;27;02:00;-4
2018;11;27;04:00;-5
2018;11;27;06:00;-5
2018;11;27;08:00;-4
2018;11;27;10:00;-4
2018;11;27;12:00;-4
2018;11;27;14:00;-5
2018;11;27;16:00;-5
2018;11;27;18:00;-5
2018;11;27;20:00;-6
2018;11;27;22:00;-6
2018;11;28;00:00;-6
2018;11;28;02:00;-6
2018;11;28;04:00;-8
2018;11;28;06:00;-8
2018;11;28;08:00;-7
2018;11;28;10:00;-7
2018;11;28;12:00;-7
2018;11;28;14:00;-8
2018;11;28;16:00;-8
2018;11;28;18:00;-7
2018;11;28;20:00;-9
2018;11;28;22:00;-9
2018;11;29;00:00;-7
2018;11;29;02:00;-6
2018;11;29;04:00;-4
2018;11;29;06:00;-2
2018;11;29;08:00;-2
2018;11;29;10:00;-2
2018;11;29;12:00;-2
2018;11;29;14:00;-2
2018;11;29;16:00;-2
2018;11;29;18:00;-2
2018;11;29;20:00;-3
2018;11;29;22:00;-3
2018;11;30;00:00;-4
2018;11;30;02:00;-3
2018;11;30;04:00;-3
2018;11;30;06:00;-2
2018;11;30;08:00;-2
2018;11;30;10:00;-2
2018;11;30;12:00;-1
2018;11;30;14:00;-1
2018;11;30;16:00;-1
2018;11;30;18:00;-1
2018;11;30;20:00;-1
2018;11;30;22:00;-1
2018;12;1;00:00;-1
2018;12;1;02:00;-2
2018;12;1;04:00;-2
2018;12;1;06:00;-2
2018;12;1;08:00;-2
2018;12;1;10:00;-2
2018;12;1;12:00;-4
2018;12;1;14:00;-3
2018;12;1;16:00;-3
2018;12;1;18:00;-4
2018;12;1;20:00;-4
2018;12;1;22:00;-5
2018;12;2;00:00;-6
2018;12;2;02:00;-6
2018;12;2;04:00;-6
2018;12;2;06:00;-6
2018;12;2;08:00;-6
2018;12;2;10:00;-6
2018;12;2;12:00;-6
2018;12;2;14:00;-6
2018;12;2;16:00;-6
2018;12;2;18:00;-6
2018;12;2;20:00;-6
2018;12;2;22:00;-6
2018;12;3;00:00;-6
2018;12;3;02:00;-6
2018;12;3;04:00;-6
2018;12;3;06:00;-6
2018;12;3;08:00;-5
2018;12;3;10:00;-5
2018;12;3;12:00;-7
2018;12;3;14:00;-7
2018;12;3;16:00;-7
2018;12;3;18:00;-7
2018;12;3;20:00;-6
2018;12;3;22:00;-6
2018;12;4;00:00;-5
2018;12;4;02:00;-4
2018;12;4;04:00;-3
2018;12;4;06:00;-2
2018;12;4;08:00;-2
2018;12;4;10:00;-1
2018;12;4;12:00;0
2018;12;4;14:00;1
2018;12;4;16:00;1
2018;12;4;18:00;2
2018;12;4;20:00;2
2018;12;4;22:00;2
2018;12;5;00:00;3
2018;12;5;02:00;3
2018;12;5;04:00;3
2018;12;5;06:00;2
2018;12;5;08:00;2
2018;12;5;10:00;2
2018;12;5;12:00;2
2018;12;5;14:00;1
2018;12;5;16:00;1
2018;12;5;18:00;1
2018;12;5;20:00;1
2018;12;5;22:00;0
2018;12;6;00:00;-1
2018;12;6;02:00;-1
2018;12;6;04:00;-2
2018;12;6;06:00;-3
2018;12;6;08:00;-2
2018;12;6;10:00;-1
2018;12;6;12:00;-1
2018;12;6;14:00;-2
2018;12;6;16:00;-2
2018;12;6;18:00;-2
2018;12;6;20:00;-2
2018;12;6;22:00;-2
2018;12;7;00:00;-3
2018;12;7;02:00;-3
2018;12;7;04:00;-3
2018;12;7;06:00;-3
2018;12;7;08:00;-2
2018;12;7;10:00;0
2018;12;7;12:00;0
2018;12;7;14:00;0
2018;12;7;16:00;-1
2018;12;7;18:00;-1
2018;12;7;20:00;-2
2018;12;7;22:00;-2
2018;12;8;00:00;-2
2018;12;8;02:00;-2
2018;12;8;04:00;-2
2018;12;8;06:00;-2
2018;12;8;08:00;-2
2018;12;8;10:00;-1
2018;12;8;12:00;-2
2018;12;8;14:00;-2
2018;12;8;16:00;-2
2018;12;8;18:00;-2
2018;12;8;20:00;-1
2018;12;8;22:00;-1
2018;12;9;00:00;0
2018;12;9;02:00;0
2018;12;9;04:00;0
2018;12;9;06:00;0
2018;12;9;08:00;0
2018;12;9;10:00;-1
2018;12;9;12:00;-1
2018;12;9;14:00;-1
2018;12;9;16:00;-1
2018;12;9;18:00;-1
2018;12;9;20:00;-1
2018;12;9;22:00;-1
2018;12;10;00:00;-1
2018;12;10;02:00;-1
2018;12;10;04:00;-1
2018;12;10;06:00;-1
2018;12;10;08:00;-1
2018;12;10;10:00;-1
2018;12;10;12:00;-1
2018;12;10;14:00;0
2018;12;10;16:00;0
2018;12;10;18:00;0
2018;12;10;20:00;0
2018;12;10;22:00;1
2018;12;11;00:00;0
2018;12;11;02:00;0
2018;12;11;04:00;-1
2018;12;11;06:00;-1
2018;12;11;08:00;-1
2018;12;11;10:00;-1
2018;12;11;12:00;-2
2018;12;11;14:00;-2
2018;12;11;16:00;-3
2018;12;11;18:00;-4
2018;12;11;20:00;-3
2018;12;11;22:00;-2
2018;12;12;00:00;-3
2018;12;12;02:00;-3
2018;12;12;04:00;-3
2018;12;12;06:00;-3
2018;12;12;08:00;-3
2018;12;12;10:00;-3
2018;12;12;12:00;-2
2018;12;12;14:00;-2
2018;12;12;16:00;-1
2018;12;12;18:00;-2
2018;12;12;20:00;-2
2018;12;12;22:00;-2
2018;12;13;00:00;-3
2018;12;13;02:00;-3
2018;12;13;04:00;-3
2018;12;13;06:00;-3
2018;12;13;08:00;-3
2018;12;13;10:00;-3
2018;12;13;12:00;-4
2018;12;13;14:00;-4
2018;12;13;16:00;-4
2018;12;13;18:00;-5
2018;12;13;20:00;-6
2018;12;13;22:00;-6
2018;12;14;00:00;-6
2018;12;14;02:00;-5
2018;12;14;04:00;-5
2018;12;14;06:00;-5
2018;12;14;08:00;-5
2018;12;14;10:00;-5
2018;12;14;12:00;-5
2018;12;14;14:00;-5
2018;12;14;16:00;-6
2018;12;14;18:00;-6
2018;12;14;20:00;-6
2018;12;14;22:00;-7
2018;12;15;00:00;-7
2018;12;15;02:00;-8
2018;12;15;04:00;-8
2018;12;15;06:00;-9
2018;12;15;08:00;-9
2018;12;15;10:00;-8
2018;12;15;12:00;-9
2018;12;15;14:00;-8
2018;12;15;16:00;-8
2018;12;15;18:00;-8
2018;12;15;20:00;-9
2018;12;15;22:00;-9
2018;12;16;00:00;-9
2018;12;16;02:00;-8
2018;12;16;04:00;-8
2018;12;16;06:00;-8
2018;12;16;08:00;-7
2018;12;16;10:00;-7
2018;12;16;12:00;-7
2018;12;16;14:00;-6
2018;12;16;16:00;-6
2018;12;16;18:00;-6
2018;12;16;20:00;-7
2018;12;16;22:00;-7
2018;12;17;00:00;-7
2018;12;17;02:00;-8
2018;12;17;04:00;-8
2018;12;17;06:00;-8
2018;12;17;08:00;-8
2018;12;17;10:00;-8
2018;12;17;12:00;-7
2018;12;17;14:00;-7
2018;12;17;16:00;-7
2018;12;17;18:00;-6
2018;12;17;20:00;-6
2018;12;17;22:00;-6
2018;12;18;00:00;-6
2018;12;18;02:00;-6
2018;12;18;04:00;-6
2018;12;18;06:00;-6
2018;12;18;08:00;-5
2018;12;18;10:00;-5
2018;12;18;12:00;-4
2018;12;18;14:00;-4
2018;12;18;16:00;-4
2018;12;18;18:00;-4
2018;12;18;20:00;-5
2018;12;18;22:00;-5
2018;12;19;00:00;-5
2018;12;19;02:00;-5
2018;12;19;04:00;-6
2018;12;19;06:00;-6
2018;12;19;08:00;-7
2018;12;19;10:00;-7
2018;12;19;12:00;-7
2018;12;19;14:00;-7
2018;12;19;16:00;-7
2018;12;19;18:00;-7
2018;12;19;20:00;-7
2018;12;19;22:00;-7
2018;12;20;00:00;-7
2018;12;20;02:00;-7
2018;12;20;04:00;-7
2018;12;20;06:00;-7
2018;12;20;08:00;-8
2018;12;20;10:00;-8
2018;12;20;12:00;-8
2018;12;20;14:00;-9
2018;12;20;16:00;-9
2018;12;20;18:00;-9
2018;12;20;20:00;-9
2018;12;20;22:00;-9
2018;12;21;00:00;-9
2018;12;21;02:00;-9
2018;12;21;04:00;-8
2018;12;21;06:00;-8
2018;12;21;08:00;-8
2018;12;21;10:00;-9
2018;12;21;12:00;-11
2018;12;21;14:00;-12
2018;12;21;16:00;-11
2018;12;21;18:00;-11
2018;12;21;20:00;-11
2018;12;21;22:00;-11
2018;12;22;00:00;-11
2018;12;22;02:00;-12
2018;12;22;04:00;-12
2018;12;22;06:00;-11
2018;12;22;08:00;-10
2018;12;22;10:00;-10
2018;12;22;12:00;-9
2018;12;22;14:00;-9
2018;12;22;16:00;-8
2018;12;22;18:00;-9
2018;12;22;20:00;-9
2018;12;22;22:00;-9
2018;12;23;00:00;-9
2018;12;23;02:00;-9
2018;12;23;04:00;-9
2018;12;23;06:00;-10
2018;12;23;08:00;-10
2018;12;23;10:00;-9
2018;12;23;12:00;-9
2018;12;23;14:00;-9
2018;12;23;16:00;-10
2018;12;23;18:00;-9
2018;12;23;20:00;-9
2018;12;23;22:00;-9
2018;12;24;00:00;-9
2018;12;24;02:00;-9
2018;12;24;04:00;-9
2018;12;24;06:00;-9
2018;12;24;08:00;-9
2018;12;24;10:00;-10
2018;12;24;12:00;-10
2018;12;24;14:00;-10
2018;12;24;16:00;-11
2018;12;24;18:00;-12
2018;12;24;20:00;-13
2018;12;24;22:00;-11
2018;12;25;00:00;-9
2018;12;25;02:00;-8
2018;12;25;04:00;-7
2018;12;25;06:00;-6
2018;12;25;08:00;-4
2018;12;25;10:00;-3
2018;12;25;12:00;-2
2018;12;25;14:00;-1
2018;12;25;16:00;0
2018;12;25;18:00;1
2018;12;25;20:00;0
2018;12;25;22:00;0
2018;12;26;00:00;0
2018;12;26;02:00;0
2018;12;26;04:00;0
2018;12;26;06:00;-1
2018;12;26;08:00;-1
2018;12;26;10:00;-1
2018;12;26;12:00;-1
2018;12;26;14:00;-1
2018;12;26;16:00;-4
2018;12;26;18:00;-5
2018;12;26;20:00;-5
2018;12;26;22:00;-5
2018;12;27;00:00;-6
2018;12;27;02:00;-6
2018;12;27;04:00;-6
2018;12;27;06:00;-7
2018;12;27;08:00;-7
2018;12;27;10:00;-6
2018;12;27;12:00;-5
2018;12;27;14:00;-5
2018;12;27;16:00;-4
2018;12;27;18:00;-4
2018;12;27;20:00;-4
2018;12;27;22:00;-4
2018;12;28;00:00;-3
2018;12;28;02:00;-3
2018;12;28;04:00;-2
2018;12;28;06:00;-2
2018;12;28;08:00;-2
2018;12;28;10:00;-3
2018;12;28;12:00;-3
2018;12;28;14:00;-3
2018;12;28;16:00;-3
2018;12;28;18:00;-3
2018;12;28;20:00;-3
2018;12;28;22:00;-3
2018;12;29;00:00;-3
2018;12;29;02:00;-3
2018;12;29;04:00;-4
2018;12;29;06:00;-4
2018;12;29;08:00;-4
2018;12;29;10:00;-3
2018;12;29;12:00;-1
2018;12;29;14:00;-1
2018;12;29;16:00;0
2018;12;29;18:00;1
2018;12;29;20:00;0
2018;12;29;22:00;0
2018;12;30;00:00;0
2018;12;30;02:00;0
2018;12;30;04:00;0
2018;12;30;06:00;-1
2018;12;30;08:00;0
2018;12;30;10:00;-1
2018;12;30;12:00;-1
2018;12;30;14:00;-2
2018;12;30;16:00;-2
2018;12;30;18:00;-2
2018;12;30;20:00;-2
2018;12;30;22:00;-3
2018;12;31;00:00;-4
2018;12;31;02:00;-5
2018;12;31;04:00;-5
2018;12;31;06:00;-6
2018;12;31;08:00;-7
2018;12;31;10:00;-7
2018;12;31;12:00;-7
2018;12;31;14:00;-6
2018;12;31;16:00;-5
2018;12;31;18:00;-3
2018;12;31;20:00;-2
2018;12;31;22:00;-2
